   -40     -3    305   -501    797    -55    -94    -54    341    110   -119   -239   -132   1531   -262    179 
  -114   -115     -3    655   -213    371   2881    445     33    321   -111   1094   -553  -1574   1180  -1425 
 -2731   1538    -49   -676   -156    348    583   -230    642   1146   -372     59    470   -602    230    516 
  -914    853   1603  -1095    -30    317     71    369     28    466   1042    466    157    466     73    -88 
  -468    -76   -507   -911   -449   -218   -540   -133    137     93     52     23    -50    -14     -3     -8 
    53   1789  -3186   1071   1109  -5234   3732   -734  -2499   4012   3167  -2997    -18   2442  -5294   2519 
  -130  -2504   2673   1975   -850   -769   1959  -2325    286    303   -865    339    -48  -2921  -2832   -685 
 -2031  -1835   1723   4313   3987   -222  -2527  -2246  -1661  -1847  -1915   1293   5120   3949    -69   -434 
   218  -1023   -863   -654    109   1958   1078   -210   -392   -187   -425   -756   -516   -320   -579   -379 
    -1      1      6     38     22    -12     42    -31    -19    164    411    229    440    730    446    380 
   526    308    177     31    142    -36   -275    -36     14   -160      0   -317   -469   -372   -472   -632 
  -426   -411   -541   -395    138    433    178    454    807    557    360    605    374    496    492    610 
 -4050   -839    847  -1035    498   1331   -191   -458   -642  -2175   -655   -356   -406   -183   -465     38 
   -75   -287   -896    346    149   -468    -74   -259   3188    586  -4410   5524   1181  -6247   3773    615 
 -4237   -758    117    854  -1342   -399   1513   -642   -675   1303  -2779   -173   3481  -4798   -676   5436 
 -3239   -985   3800   1307    353  -1480   2319    346  -2987   1453    141  -1434   1364    469  -1752   2564 
   553  -3298   1310    222  -1370    746    264  -1060   1554    508  -1984    771    168  -1065    639    -43 
   814    190  -2474   -139    382   -912    517    754    385    944    226  -2040   -178     47   -712    367 
 -1003   -642   -880   -253  -1174   -631   -746   -558   -788  -1291  -2303  -1263   2944   5076   2793  -1606 
 -2773  -1737  -1252  -2278  -1097   3195   5613   3101  -1970  -3193  -2082   -954  -1633   -856   1606   3066 
  1707   -728  -1492   -585    383   4124   1124  -2922   1693   4557  -3460  -4401   -234   -415   1616   1370 
 -1918   -920   1219    182  -1987   -509   -248  -3288  -3389   2504  -1123  -3056   4549   3220    903   -767 
   235   -622    430   -438    102   -340  -3716   -113    250   1034    145    746   -580    280    115  -4613 
  -192   -116    749    122    270   -537    204    794  -3255    106    -28    439    422    292   1071    940 
   303    876    812   -250    -78   -233    -77    390    157    -58    245     73   -202    -20   -313     -1 
   496    141   -183    149   -103   3937   5744   2814    665   -153  -1020  -3498  -5432  -3623  -1552  -1859 
  -988   -136     11    127   1445   2251   1488  -2779  -3757  -1718   -746   -265    453   2286   4039   2516 
 -1550   -192   1606  -2947   -207   3050  -1627    -89   1874  -1414   -214   1479  -2790   -193   3076  -1347 
  -108   1557   -518     23    621  -1322     45   1461   -812   -185    619    -60   -148     96   -160   -353 
   -61    -53    -64    144   -119   -283    -92   -232   -435   -269   -250   -339   -202    112    360     73 
   498    823    303    269    510     76   2415   4424   2447  -3331  -5926  -3176   1230   1227    774   2597 
  4780   2423  -3750  -6359  -3112   1189   1309    967    874   2014    958  -1716  -2951  -1228    743    817 
   561  -1613  -2787  -1335  -1068  -1294   -642   2670   4047   2104  -1283  -2626   -911   -994  -1276   -604 
  2253   3619   1704   -594  -1366   -345   -722  -1025   -470   1234   2203   1090      9    -77    -15    -51 
   -69   -136   -129    -83   -184     -8    -88    -31    -55    -72   -151    -86    -39   -152     43    -53 
    57    -17    -70    -84    -61    -49   -106   2532   4552   2861  -2957  -5466  -3294   1297    -83    429 
  2752   5899   3859  -3382  -5634  -3721    367   -601    146    609   2587    863  -1245  -2896  -1753    539 
   203    917   -210   -413    228   -833  -1238   -321   -665   -940    -85    322    403    158    444    694 
   390    420    541    355   -122    -15   -364    305    600     -8    263    339   -164    565  -2384   1727 
  2490  -4818   2227   3524  -3565    270   -219  -2653   2774   2674  -5065   1939   3715  -3294   -419    299 
  -497    736    826  -1920    625   1272  -1347     59  -3474  -5346  -3715    150    -26    -54   3571   5586 
  3367    950   1354    644   -322   -388     45   -636  -1084   -549   2817   4313   3038   -144    -33    276 
 -2904  -4342  -3000  -3266   3066   -140  -2818   4805  -1143   -110   2398  -2329  -3804   3068    336  -2767 
  4600  -1679    617   1671  -2772   -735   1223   -260  -1206   1738   -836     74    677   -747    168    -17 
    72    -95   -272   -132     10   -160    -41   -423   -609   -626   -459   -723   -606   -471   -718   -642 
   335    614    596    514    812    885    367    789    808   -585   1773  -1062  -3106   4181   -802  -3509 
  2461    580    -26   2146  -2471  -2308   5367  -2255  -2949   3279   -676    487    895  -1494   -644   3042 
 -2053  -1155   1818   -915   1063   -700  -3103    732   -379   -888    473    689   1054    403   -444  -2493 
    11   -616   -922     69    340    310   -367    314   -604   -119     18    351   -358   -315   -187   2121 
  2613    966    183    115   -420  -1925  -2598   -977   1841   2490    828     24     46   -239  -1901  -2566 
  -586   1173   1590    693   -150    -33   -118  -1295  -1670   -275    -74     19    -73     34    218     79 
   -41     42     -3    199    327    156    298    453    227    200    293    125    -85   -324    -95   -379 
  -687   -319   -223   -426    -72    111   -145   -353  -1092   -831   -346   -441   -178  -1005   -421     13 
   780  -2557  -1002    824   -346    720    594    -21     25    359  -1523   -684    324     -4    417    453 
