  -343    204  -1189  -1487    251   -515  -1416   -156   -112   -546   -663     46   -152    -91   -746    -46 
 -1610   -960     -1   -420   -832   -111   -670   -767   -680   -923  -1071   -970  -1684  -1261   -969   -686 
  -484  -1288  -1704   -285    473    -98   -277   -148   -148   -699   -714    481   -195    295      8    139 
  -618    259   -568   -664   -388   -514   -629     70   -623   -412  -1148   -343   -416  -1172  -1546    304 
  -378   -776     87   -307  -2079   -890  -1121  -1263   -180   -417   -328   -574   -156   -583   -883     71 
  -788  -1322   -722   -499   -501   -644  -1238   -118   -269   -473   -246   -136   -880   -467  -1020   -251 
  -364  -1941   -240   -293   -974   -714   -845  -1020   -250   -532  -1632   -468  -1002   -378   -309    322 
   -19   -310   -846   -403   -624   -398  -1096   -887   -749   -170     12    -60    346   -996  -1406     52 
  -796    105   -219   -513    -11    249  -1686   -594  -1202  -1357   -856   -615  -1692   -502   -557   -736 
  -882   -377   -329   -580   -400   -507   -706   -159   -853    -61  -1179  -1142   -248    -94   -242  -1545 
   -51  -1139    306   -295  -1315  -2205   -695   -856     97   -281     27   -455   -378   -358   -315   -360 
 -1384  -1045   -756   -223  -1079   -581  -2158    318   -368   -422    -35   -478   -447  -1254     18   -736 
    43  -1018  -1110   -916   -778   -387   -694   -764  -2203   -371   -587  -1035   -523   -267   -760   -434 
  -675   -807   -737   -333  -1419    -10   -211   -549  -1801   -150    137     87  -1076   -721   -881   -345 
  -367   -865    -97   -642   -438  -1116   -819   -241   -871   -738  -1065   -165     87  -1228  -1099   -198 
   -55   -553  -1332   -102    -59     -3  -1566   -918   -149   -453  -1302  -1265  -1144  -1608    -96   -264 
  -853   -238   -268   -544   -362   -771   -731   -551   -444   -153      3   -669   -229   -375   -158   -674 
  -563   -352  -1307   -229   -806  -1075   -231   -944   -266   -805    256  -1376  -1394   -218    609   -836 
  -341   -144   -628  -1820   -107   -669   -684   -274   -562    268  -2474    153    407    350   -295   -378 
   161   -121    159   -340  -1287  -1783     53    -97   -600  -1417  -1375  -1305    233   -122   -359  -1560 
  -474    -69   -113   -584   -166   -671   -509   -327  -1314    -21  -1503  -1816   -373   -150   -673   -619 
 -1903     42   -322  -1252   -282   -491   -453   -799    242   -250    -92   -599    149   -344  -1562   -330 
  -831   -116    218   -209   -799   -171  -1273  -1065    372     17  -1434   -822   -603  -1384  -1042    -26 
  -456   -116   -416   -168  -2400  -1066   -656     76   -586  -1436  -1697  -1117  -1163   -836  -1144   -147 
  -549   -764   -508   -860    171   -953   -299   -552   -777   -934   -966   -249   -636   -333   -821   -631 
  -502   -620   -529   -707   -763   -131   -457   -473   -490    201    -11   -606   -231   -529   -382   -517 
  -748   -588    107   -863   -872   -214  -1534  -1294   -455   -639   -825  -1029   -634   -213   -224   -297 
   -77   -478    208    -22    147    415     21   -203   -276   -851     26  -1182   -438    442    117     52 
  -431  -1175   -107  -1026   -340   -227   -729   -691  -1038   -382  -1300   -217    -37  -1612   -128  -1160 
 -1547    123   -146   -419     91   -100   -292   -664   -263   -282    -45   -168  -1468  -1436   -410   -480 
  -700   -335    -32  -1177   -174  -1103   -366  -1497  -1427    130   -723   -478  -1375   -666   -428   -379 
    32    -20   -752  -1302   -860  -1192   -687   -374   -350   -504   -520   -506  -1727    -33   -533  -1546 
