   432   -202   -180     94    301   -471    -87   -228    384   -332    384    -88   -863    456   -266   -561 
    11    565   -988    227   -114    615   -895    501     96   -818    239   -280   -142    314    406   -460 
   401   -115     46   -546    514     26   -801    189   -127   -338    403     45   -104    178    254   -594 
  -277    343    -59   -770    249    -71   -471    403    376   -292    -12    396   -305   -144    -11    -20 
  -410    251    -26   -159    -39    472    186    -63    122   -725    375   -432    405   -513    386    101 
  -474     -2   1018    304   -746   1355  -1424    817   -851   -124   -608    908    228  -1093   -272    913 
   134   -699    853   -302   1580  -1060   -861   -916    345    437   -198   -168     54    -21   -349    282 
   601   1003  -1095   -503  -1151    260    274     28   -384   -158   -229   -311    164    852    657   -618 
  -247   -944    429   -107   -187   -292   -191    -66   -210   -127    166    -27    -91    158   -634    556 
  -146   -149   -203   -284   -127   -229   -113    -44   -383     43     62   -646    478     17    -42   -156 
  -208    -49   -199   -118    -76   -344    -49   -153   -557    596    648    404    498    681    586    646 
   508    762    530    238     87     79     62   -178   -158     37     16      5     49   -174   -390   -261 
  -452   -224     33     38     88    202    367     97    468    679    901    179     71    247    220    100 
   440   1048    866    908    787    873    230    283    155    297     56   -215     10    137    186    319 
   339    412    439    484   -136   -172    419    531    300    343    -37      4    220     -8    156    461 
   893   1389   1186    767    401    381    213    173   1634    343   -248    481    719   -146    260    306 
  1001   1399     61   -328   -142   -375   -384    -90   -972  -1487  -1203  -1671  -1430   -486   -329    343 
  -154   -692  -1010   -105     59     -9   -424   -268   -231     72     92   -103    -57   -327   -450   -732 
 -1090  -1042  -1074   -794   -612   -645  -1588  -1874  -1311   -804   -598   -121     -2   -116    -60   -118 
  -221   -341   -273   -498   -682   -465   -182   -181   -180    -72     -4    121    222    197    258    315 
   385    339    260    189    -22   -535   -363   -267   -152   -136    -66    -33    -83   -135    -87    -31 
   -72   -141   -115     54    293    187    129    248    219    229    147    248    281     61    -67   -226 
  -133     81     -3   -116    -22    -90    156    -63     89    184     29   -167   -275   -140     45    -30 
  -112   -114   -198     37     42     52     46     71   -191   -192   -128     50     57     56    -41    -41 
   -66    147    138      6     73   -178   -158   -134     44    -26     70    -35    101    -52     68     34 
   -12     64   -238   -198    -65     19    -72    -66     -4    -84     72     71    -75    -20     44   -207 
  -201   -125    -78    -80   -230   -135   -132     72    120    -58    -26     52   -207   -202   -142   -121 
    13   -160   -179    -36    143    169   -101    -48    -21   -237   -165    -71     56    199    218     74 
   102    116     53    253    293    -68   -199   -218     72    197    248    309    275    220    173    -23 
   278    215    -20   -161   -225     38    183    239    224    235    248    223    174    226    216     63 
  -174   -220     59    279    356    346    373    365    362    352    346    287     68   -154   -105    118 
   356    470    532    580    581    581    500    418    327    111    -30   -116   -253   -280   -329   -329 
  -283   -233   -241   -241   -224   -269   -309   -149     85     33    -30    -22    -18    -17    -26    -20 
   -65    -85    -89    -13     36    217    103    -84    -92     21     41    -60    -33      2    -56   -148 
  -175    -66    115   -110   -280   -285   -201    -51    -24    -40    -42   -135   -178   -190      5    105 
    12   -139    -92   -124   -129    -47     18      4    -49    -60     28    145    -24   -146   -205   -163 
  -139   -200   -319   -290   -242   -217   -270   -108    101    -24     15   -115   -258     63     86    -84 
  -174   -150    162    202   -200    -77    181    184    124   -132     -9     55      0    -92    -27    301 
   333     12     46    -37   -232   -285   -323   -343   -237   -216   -153     49    105    109    -40     77 
   -72   -325   -478   -518   -449   -329   -217   -113     -2     79     47    -62     55     85    -74   -187 
  -232   -206   -208   -209   -217   -211   -204   -270   -185     61     84    -43   -100   -157   -186   -197 
  -195   -186   -184   -186   -215   -192    -19   -148   -342   -382   -414   -444   -468   -484   -478   -489 
  -486   -463   -431   -223  -7017  -7230  -7727  -7606  -7361  -6935  -6472  -6097  -5568  -5714  -5591  -5125 
 -6483  -6609  -7235  -8144  -7662  -6478  -7161  -7013  -6894  -4598  -5469  -7357  -6838  -7144  -7061  -8551 
 -9297  -8321  -7304  -7994  -8093  -8722  -7998  -7914  -7914  -6809  -6779  -6440  -6409  -7683  -6863  -7091 
 -7236  -8012  -8002  -7924  -7821  -7417  -6765  -6350  -5513  -4865  -7352  -7171  -6152  -4992  -6597  -7544 
 -7719  -7280  -6744  -6581  -6045  -5794  -4742  -6111  -7121  -5720  -4392  -3117  -5423  -6241  -5869  -5713 
 -5218  -5477  -5182  -1638  -5328  -6375  -1156   1820  -1423   2468   2246      1   -238  -4638  -5376  -3446 
  3095  -2956  -6629  -3575   -196  -4030  -3931  -3425   2950   3521  -5535  -6347  -5117  -4038  -4877  -6053 
 -6579  -6434  -6660  -7154  -3954   3635   2177  -5144  -6336  -5774  -6226  -5538  -6398  -7162  -7320  -8255 
 -8671  -6868  -2222  -3669  -6141  -6733  -5862  -6617  -6926  -7528  -7990  -7620  -8087  -8815  -9282  -9565 
 -9240  -8007  -7599  -5577  -6511  -6940  -7520  -7944  -7685  -7556  -7661  -7460  -8170  -8645  -7492  -7147 
 -7057  -6888  -6850  -6736  -6727  -6141  -5757  -5222  -5510  -6404  -7358  -6677  -7350  -1448  -1252  -1404 
 -1330  -1493  -1384  -1822  -2166  -2725  -2117  -1923  -2188  -1865  -1995  -2168  -2492  -2612  -2636  -2103 
 -2309  -1832  -3201  -2029  -2114  -1924  -1930  -1917  -2164  -2946  -3430  -3240  -2502  -2915  -1986  -2331 
 -1696  -1682   -877  -1323  -2024  -2426  -3027  -3973  -3817  -3557  -3296  -3201  -3172  -2741  -2323  -1373 
 -1405  -2126  -2975  -3211  -4428  -3789  -4367  -3320  -2973  -3782  -3386  -2948  -2817  -2568  -2399  -2639 
 -2867  -4221  -3783  -3731  -5175  -5620  -5492  -4566  -3793  -3339  -3073  -3485  -4799  -5282  -5378  -5992 
 -6402  -7384  -9044  -8663  -7596  -7869  -4811  -3396  -4934  -7782  -7330  -6756  -7028  -7316  -6319  -6450 
 -9005 -13764 -13363  -9374  -5062  -4540  -6242  -6340  -5999  -5568  -5317  -4968  -6757 -11349 -14001 -13056 
-12371  -5705  -3081  -3524  -2954  -2768  -2308  -2390  -3077  -5496 -10031 -12057 -11174 -10613  -5056  -1732 
 -1642  -1381  -1274  -1053  -1159  -1834  -2242  -3368  -4716  -4150  -4015  -2896  -1847  -2046  -2030  -1349 
  -835   -572   -347   -866   -854  -1692  -2013  -2172  -1791  -1458  -1426  -1490  -1111  -1047  -1051  -1000 
  -847   -756   -702   -972   -888  -1147  -2917  -2837  -2800  -2717  -2865  -2197  -2329  -1617  -2036  -1629 
 -1905  -2118  -2054  -3209  -3245  -3195  -3248  -3493  -2783  -3057  -1844  -2960  -1972  -2544  -2601  -2449 
 -2894  -3044  -3433  -3584  -4375  -3936  -4685  -3252  -2960  -2205  -2264  -2578  -2484  -2271  -2884  -3305 
 -3678  -4115  -4861  -4875  -3665  -3324  -2673  -2468  -2844  -2934  -2662  -3365  -3169  -3901  -3873  -4582 
 -3723  -2906  -3272  -2807  -2027  -2719  -3113  -2531  -2614  -2468  -3154  -3528  -3698  -3526  -3801  -3458 
 -3316  -2439  -1907  -2369  -2270  -3542  -2167  -2628  -4041  -5300  -3764  -6385  -5896  -6289  -6203  -2320 
 -1916  -3012  -6316  -4057  -3502  -3542  -4091  -1525   -744  -1259  -5507  -7130  -1070   -398  -1566  -1702 
 -3341  -4177  -3569  -3070  -1417   1456   2558   3005   2415   1755   1009  -2077  -2263  -2605  -2219  -2208 
 -1381   -104   1328   2601   3676   3649   1821    352  -1495  -1824  -1728  -1166  -1138  -1195   -739   -347 
   381    335    519     57  -1113  -1471  -1992  -1819  -1693  -1484  -1532  -1380  -1337  -1718  -1926  -1706 
 -1895  -1876  -1100  -1443  -1649  -1670  -1800  -1949  -1824  -1505  -1475  -1261  -1329  -1772  -1774  -3201 
 -3757  -4274  -3239  -3076  -3073  -3302  -3437  -3229  -3119  -3165  -2631  -2095  -3990  -4665  -4551  -3231 
 -2630  -3500  -3643  -3824  -3164  -3042  -2741  -2628  -2128  -4600  -5820  -5266  -3679  -2783  -3724  -4329 
 -4020  -2487  -2743  -2224  -2424  -1785  -5028  -6209  -5485  -4870  -4319  -5224  -5305  -4235  -3642  -3491 
 -2774  -2961  -2396  -4549  -5809  -5550  -5802  -4743  -5449  -5189  -4463  -4281  -3701  -3036  -3774  -3553 
 -4624  -5862  -5532  -6886  -5964  -5903  -6678  -7998  -7460  -5429  -3586  -4166  -3658  -4661  -5376  -4524 
 -5032  -6243  -7116  -7536  -9538  -9497  -8166  -7016  -5168  -3294  -4012  -6250  -5146  -4548  -5687  -5857 
 -6036  -7590  -8772 -12180 -11294  -7202  -4275  -2580  -2596  -2790  -3624  -4156  -4067  -3921  -5261  -9435 
-11666 -10801  -8846  -4591  -1683  -1391  -1309  -1583  -2191  -2297  -2975  -4578  -7584 -10122  -9722  -7551 
 -4000  -2057  -1993  -2174  -2357  -2115  -1742  -2350  -2242  -3199  -4569  -3290  -2836  -2414  -2735  -2810 
 -2317  -2272  -2329  -2223  -2391  -2237  -2549  -2625  -2322  -2501  -2249  -2536  -2853  -2443  -2244  -2158 
 -2209  -2240  -2079  -2134  -2094  -2116  -2394  -2395  -1748  -1277  -1541  -1263  -1117   -958   -862  -1390 
 -1480  -1576  -1214  -1279  -1850  -1031  -1044  -1417  -1739  -1451  -1453  -1451  -1331  -1257  -1263   -865 
  -761  -1180   -305   -319  -1137  -2217  -2417  -1846  -2259  -1809  -1373  -1288   -987   -750  -1508    128 
  -245  -1587  -2253  -2549  -2705  -2284  -1620  -1383  -1561  -1359  -1257  -1429  -1024  -1241  -2495  -2837 
 -3010  -3214  -2321  -2039  -2463  -2260  -2030  -1515  -1276  -1381  -1346  -1584  -2213  -2577  -3167  -3223 
 -3494  -3274  -3037  -3068  -2076  -1124  -2009  -3753  -2731  -2502  -4937  -6886  -6501  -8523  -5773  -5539 
 -5568  -2579  -1223  -3628  -7290  -4218  -3215  -4121  -6495  -5487  -6015  -6877 -12299 -11390  -5483  -2199 
 -1580  -2154  -1861  -1853  -1838  -3261  -3246  -4677  -7879  -9808  -8664  -6233  -3047  -2043  -1702   -767 
    14      0   -941  -1335  -2791  -5922  -7549  -7319  -6238  -3248  -1925  -2013  -1736  -1219   -946  -1251 
 -1444  -1804  -2719  -2726  -2446  -2395  -2402  -2032  -2259  -1947  -1409  -1231   -923   -958  -1087  -1049 
  -986  -1542  -1671  -1799  -1898  -1760  -1272   -893   -651   -501   -469   -444   -475   -403   -921  -1451 
 -1814  -2822  -2717  -3481  -3324  -2689  -2928  -2908  -2836  -2133  -2235  -2617  -2464  -2514  -2922  -2482 
 -2654  -2594  -1938  -2337  -2735  -2993  -2116  -2160  -2991  -2978  -3125  -2859  -2901  -3138  -3109  -3284 
 -3238  -3524  -3329  -3013  -2400  -2409  -2956  -2888  -2889  -3142  -4222  -3700  -3909  -4584  -4620  -3178 
 -4113  -3398  -2943  -3073  -2863  -3262  -4274  -4758  -4619  -5020  -5914  -5890  -4544  -4923  -4475  -3762 
 -4223  -2890  -3360  -4184  -4919  -5289  -6329  -6670  -7177  -7787  -7490  -5130  -4256  -4782  -3237  -3501 
 -4816  -4928  -5067  -5831  -7540  -6975  -8567  -8122  -6541  -6012  -4608  -3555  -4477  -7520  -5930  -6093 
 -6138  -6839  -5571  -7378  -7983 -12471 -12014  -5546  -4416  -4903  -6107  -5725  -5194  -5345  -4908  -3872 
 -4385  -8051 -13444 -11582  -6408  -4835  -3647  -4129  -3465  -3317  -3724  -3377  -3117  -3583  -5091  -8622 
 -8130  -5685  -4141  -2710  -3546  -3713  -3735  -3768  -3469  -3312  -2863  -3139  -4394  -4228  -3629  -3470 
 -2888  -3550  -3814  -3726  -3741  -3787  -3654  -3238  -3157  -3770  -3470  -3709  -3094  -2533  -2871  -3440 
 -3342  -3925  -4143  -3802  -3513  -3298  -3024  -3075  -3138  -3075  -1659  -1705  -1690  -2189  -2406  -2021 
 -1647  -1072  -1425  -1356  -1732  -2164  -1940  -1153  -1926  -1848  -1977  -1829  -1171  -1306   -732  -1708 
 -1500  -2231  -2759  -2286  -1473  -2068  -2682  -2269  -2055   -918   -989   -776  -1366  -1786  -2664  -2757 
 -2051   -285  -1056  -1184  -1229     57    699   1119   -227   -500    -39   -787   -895  -1052    362    814 
   180    390   1305   2169   1647    710   -938   -570    -63    182   -133    555   1394    920    652   1169 
   195   -658  -2100  -2377  -1310  -1464   -346   -774  -1883  -3538  -3021  -3231  -3643  -5630  -5381  -7230 
 -5542  -4839  -6338  -2799  -2458  -5052  -8463  -7185  -6546  -6501  -6679  -5297  -5730  -5351  -9408  -9761 
 -5607  -4783  -5471  -7759  -7932  -8202  -7673  -7081  -5947  -6556  -8249 -10054  -8797  -7354  -5182  -4328 
 -6206  -6174  -5569  -5134  -5046  -5002  -6023  -8611  -9140  -8906  -8509  -5250  -3308  -4677  -5022  -4354 
 -4801  -5134  -5418  -5503  -6105  -6075  -6168  -5726  -4350  -2884  -4249  -4631  -4104  -4532  -4539  -4672 
 -4516  -4519  -4655  -5009  -4781  -3350  -2537  -3294  -3441  -2804  -2516  -2304  -2017  -1840  -2044  -2472 
 -2983  -3132  -2626  -1594  -1736  -1742  -2170  -2238  -1716  -2086  -2017  -2617  -2677  -2884  -2672  -2575 
 -2396  -3056  -3363  -3148  -2806  -2517  -2940  -2284  -3060  -2748  -2778  -2430  -2383  -2821  -2780  -2826 
 -2531  -2583  -2266  -2846  -2195  -1931  -1654  -1433  -1160  -1358  -3237  -3020  -2796  -1713  -2481  -3115 
 -3817  -3350  -2877  -2340  -1930  -1698  -1709  -3802  -4006  -3101  -2257  -2184  -4126  -4009  -2745  -2217 
 -2465  -2448  -2013  -1971  -1369  -2286  -1507  -1612  -1496   -839    663   1705   1733   -109   -377   -680 
 -1288   -617  -2933  -2784  -1119  -1761  -1571   2858   5270   5231    137  -1755    734   -568  -2643  -7313 
 -5422  -3125  -3034  -3608   -515   1305    916  -5486  -6202  -2347  -1793  -2552  -3437  -4684  -4374  -3412 
 -2496  -2415  -3618  -6159  -8484  -8997  -6663  -3686  -2636  -3165  -3680  -2392  -1757   -611  -1198  -3579 
 -8132 -11760 -10602  -7395  -3980  -1886  -2338  -2745  -2355  -2208  -1329  -1106   -996  -1553  -2908  -2567 
 -2275  -1967  -1939  -2270  -2133  -1809  -1913  -1506  -1405  -1015  -1108  -1113  -1238  -1278  -1005  -1265 
 -1279  -1641  -1475  -1351  -1123   -942   -639   -686   -922   -971   -958   -979  -3213  -2931  -2593  -2152 
 -1752  -2359  -2469  -2724  -2545  -2768  -2665  -2784  -2590  -3180  -3299  -3371  -3033  -3002  -3241  -3237 
 -2959  -3262  -2532  -2572  -2449  -2626  -3428  -3843  -3741  -3307  -3548  -3308  -4272  -3781  -3217  -2499 
 -2248  -2104  -2443  -3815  -4681  -4881  -5154  -5393  -5353  -5870  -5317  -4355  -3971  -3418  -3407  -3293 
 -4171  -5568  -5763  -6479  -6663  -7032  -6407  -5725  -5117  -4944  -4459  -4473  -3595  -4319  -5230  -6253 
 -7572  -6862  -6206  -7334  -7614  -6491  -6524  -5176  -5674  -4256  -5002  -4871  -5341  -5937  -6929  -7368 
 -7891  -9923  -9744  -7836  -6859  -6437  -4765  -4964  -7173  -5593  -5213  -6245  -6530  -6031  -7126  -6955 
 -8259  -8917  -7181  -5249  -4388  -5052  -4328  -4294  -4895  -5419  -4580  -4444  -6087  -9315  -9150  -8583 
 -4789  -3405  -3386  -3224  -3087  -3163  -3186  -3361  -4420  -5494  -7308  -6967  -6229  -3264  -2689  -2292 
 -1865  -2094  -2492  -2408  -2598  -2757  -2552  -2411  -2368  -2675  -2328  -3142  -2882  -2616  -2756  -2803 
 -2561  -2671  -2878  -2684  -2424  -1994  -2472  -2391  -2630  -2906  -2627  -2699  -2808  -2922  -3140  -3255 
 -2918  -2467  -2169  -2175  -2215  -2174  -2509  -2985  -2950  -2277  -2079  -2288  -2598  -2795  -2849  -3475 
 -3610  -2800  -2324  -2090  -2561  -2544  -2223  -2163  -1370  -2186  -2217  -2170  -2798  -2668  -2309  -2254 
 -2201  -2839  -2943  -3255  -2700  -3503  -3112  -2311  -1869  -1675  -1277  -1383  -1779  -2259  -2936  -2820 
 -3708  -2711  -3988  -3172  -2142  -1693  -1787  -1388  -1014  -1952  -2594  -2595  -3059  -2996  -3753  -3728 
 -3488  -2933  -2089  -1713  -2154  -1577  -2342  -2545  -3284  -3698  -4039  -4546  -4087  -4199  -3633  -3289 
 -2835  -2631  -1591  -3122  -5823  -4494  -4169  -4840  -6462  -4299  -6462  -5518  -5439  -5423  -2837  -1979 
 -3652  -7656  -5273  -4716  -4673  -5587  -3515  -3147  -4037  -6688  -7014  -3302  -1880  -1560  -2935  -3081 
 -3193  -3931  -4427  -3929  -3440  -4294  -6694  -5460  -3543  -2299   -614  -2195  -2589  -2314  -3436  -3554 
 -2734  -2795  -4005  -5719  -4204  -2401  -1407  -1026  -1847  -1960  -1910  -2448  -2819  -2622  -1904  -1662 
 -2691  -2077  -1236   -851   -961   -791   -930  -1613  -1985  -2293  -2484  -1816  -1814  -1642  -1225   -875 
  -929  -1031   -787   -840  -1239  -1656  -1848  -1837  -1721  -1779  -1632  -1312  -1295  -1136  -3803  -4366 
 -4756  -4340  -4077  -4124  -4130  -4194  -4361  -4449  -4459  -3812  -3466  -4702  -6147  -6318  -6061  -5658 
 -5351  -5775  -5255  -5247  -4881  -5723  -5196  -4027  -5298  -7172  -7369  -7387  -6996  -6657  -7224  -6780 
 -5638  -4816  -4615  -4591  -3558  -5493  -7561  -7268  -8039  -8659  -8788  -7943  -7229  -6321  -5863  -5404 
 -5090  -4118  -5387  -6848  -7261  -8321  -8261  -7850  -6687  -6202  -5916  -5527  -5193  -5228  -4295  -4866 
 -5349  -5650  -7606  -7378  -6313  -5942  -7407  -7051  -6010  -4790  -4349  -3998  -5291  -5361  -4226  -5281 
 -6755  -6855  -5868  -7305  -7108  -9027  -7594  -5037  -3385  -5602  -7965  -5072  -4923  -5780  -6287  -5857 
 -6171  -8171 -12393 -11118  -6840  -4374  -4362  -5674  -5142  -4904  -5184  -5353  -5197  -5288  -8318  -9663 
 -9004  -6866  -4676  -4055  -5007  -4684  -4078  -4054  -4104  -4599  -6393  -9955 -10752 -10502  -7605  -4551 
 -3170  -3742  -3984  -3962  -4339  -4098  -4142  -4316  -5607  -5689  -5738  -4407  -3480  -3387  -4148  -4624 
 -4760  -5196  -5065  -4937  -4597  -4901  -4810  -4738  -4142  -3215  -3069  -3330  -3792  -3839  -3816  -3795 
 -3830  -3626  -3798  -3777  -3689  -3517  -3215  -3692  -4244  -3629  -3865  -3773  -3280  -3253  -2938  -2957 
 -2595  -3605  -4047  -3501  -3945  -5649  -5511  -5426  -5166  -5166  -5053  -3735  -4385  -3498  -4188  -4157 
 -3709  -4290  -5723  -5832  -5760  -5105  -5563  -6240  -5556  -4758  -4035  -4241  -3665  -3414  -4415  -5834 
 -5607  -5311  -5056  -6173  -6914  -6675  -5144  -4254  -4090  -3548  -3612  -4003  -5134  -5464  -5809  -5389 
 -6435  -6497  -6550  -5544  -4354  -3836  -3276  -3478  -3343  -3465  -4465  -5253  -5407  -5443  -6623  -7408 
 -5995  -4126  -2638  -2517  -2835  -3973  -5272  -4247  -3675  -6379  -8257  -7268  -9763  -7514  -6216  -5154 
 -2127  -2561  -4529  -8571  -5632  -3424  -5323  -7250  -5050  -6040  -7064 -11438 -11757  -4478  -2961  -3726 
 -4419  -3421  -3964  -3593  -4512  -3441  -4354  -8544  -9243  -9042  -6762  -2422  -2914  -3769  -3393  -3602 
 -3293  -3326  -2988  -4086  -9055  -9214  -8684  -7089  -2210  -2150  -2458  -1709  -2080  -2561  -2986  -2801 
 -2824  -4358  -3441  -3155  -2881  -1609  -1866  -2346  -1755  -2119  -2206  -2468  -2761  -2393  -2563  -2095 
 -1947  -2083  -1504  -1668  -2113  -1688  -1634  -1540  -1543  -1732  -1761  -2517  -2802  -2254  -2058  -1415 
 -3356  -4142  -4254  -3703  -3256  -3486  -3511  -3517  -3738  -4069  -4017  -3923  -3388  -3575  -4788  -5005 
 -4714  -4463  -4219  -4352  -4244  -3937  -3372  -3633  -3745  -3455  -3559  -5486  -5526  -5634  -5390  -5396 
 -6303  -6071  -4428  -3266  -3350  -4079  -3602  -3894  -5438  -5473  -5904  -6230  -6456  -6864  -6707  -5890 
 -5176  -4746  -5006  -4327  -4889  -6861  -6709  -7357  -7723  -8085  -7286  -6562  -5652  -5249  -4899  -5168 
 -4403  -4873  -6228  -6194  -8011  -7686  -7135  -7142  -7721  -6655  -5460  -4631  -5333  -4352  -5013  -5201 
 -5147  -4475  -6203  -6882  -6708  -8056  -7755  -8422  -7809  -6992  -3983  -3962  -6599  -4139  -3361  -4440 
 -5175  -4199  -4630  -5173  -8902  -9450  -5990  -3660  -2398  -2943  -1750  -2292  -2978  -3828  -3265  -2748 
 -4460  -8311  -7625  -5183  -2887  -2367  -1976  -1157   -863  -1684  -2195  -2017  -2590  -3910  -5342  -4716 
 -3287  -1716  -1967  -1298   -780   -763  -1660  -2130  -1973  -1714  -2287  -1931  -1470  -1075  -1112  -2550 
 -2267  -2040  -2001  -2227  -2491  -2173  -1834  -1709  -1262  -1247  -1455  -1895  -2029  -1880  -1676  -1542 
 -1776  -2111  -2204  -2193  -2106  -1801  -1626  -1603  -1890  -3798  -4064  -3975  -3583  -3351  -3491  -3575 
 -3826  -4053  -3961  -3835  -3696  -3159  -3594  -4200  -4510  -4338  -3749  -3612  -3934  -3823  -4605  -4292 
 -4257  -3754  -3263  -4056  -4931  -5592  -5130  -4324  -3894  -4371  -4102  -3322  -3538  -3153  -2664  -2617 
 -4100  -5151  -5279  -5692  -5328  -5257  -4896  -4853  -3993  -3754  -3352  -3179  -2818  -4673  -5281  -5704 
 -6269  -6037  -7148  -6308  -5259  -4905  -4746  -4065  -3746  -3068  -4351  -4174  -4183  -5586  -5283  -6297 
 -6247  -7583  -7120  -4980  -3858  -3560  -3161  -3716  -4235  -2991  -3745  -5090  -5838  -5820  -7856  -7708 
 -7136  -5388  -3717  -2495  -3856  -6210  -3780  -3017  -4002  -4939  -4101  -4416  -5455  -9354  -8598  -4054 
 -1926  -2362  -2972  -3327  -3416  -3523  -3425  -3385  -4039  -7544  -8546  -7635  -5051  -2791  -2379  -2830 
 -2845  -2774  -2805  -2461  -2814  -4101  -6865  -7995  -8128  -5488  -2994  -2379  -2656  -2657  -2587  -2870 
 -2538  -2692  -2337  -2571  -3173  -3770  -3082  -2669  -2780  -3190  -3588  -3097  -3224  -2795  -2753  -2556 
 -2809  -3034  -3347  -3385  -2843  -2279  -2595  -2880  -2786  -2712  -2660  -2656  -2345  -2393  -2530  -2739 
 -2863  -2604  -3754  -3433  -3374  -3314  -3447  -3067  -2831  -2290  -2307  -2390  -2903  -3246  -3384  -4111 
 -4392  -4312  -4134  -4298  -3901  -3971  -2913  -3596  -2797  -3693  -3362  -3366  -4280  -4465  -4626  -4581 
 -4806  -4701  -5176  -3811  -3847  -3119  -2950  -2750  -2933  -4309  -5087  -4915  -4963  -5163  -5709  -5990 
 -5261  -4952  -4035  -4302  -4461  -3990  -4438  -5747  -4986  -5308  -5156  -6403  -5328  -4741  -4441  -3831 
 -3798  -4081  -3609  -3660  -4316  -3415  -4093  -4439  -4457  -4138  -4268  -3463  -3773  -3016  -3085  -2790 
 -3329  -4374  -3078  -2199  -3045  -4027  -3651  -5531  -5445  -6347  -5676  -3505  -2619  -3626  -6327  -4482 
 -2432  -2351  -2356  -2123  -2691  -3511  -7704  -8249  -4374  -3574  -2575  -2751  -3686  -2837  -2122  -1853 
 -1844  -1579  -4034  -5429  -5568  -5067  -3852  -3056  -3270  -2622  -2278  -2066  -1587  -1329  -2254  -5342 
 -5989  -5633  -4920  -3626  -2526  -2720  -2294  -1838  -1957  -2014  -2191  -2028  -2122  -1815  -2135  -2706 
 -2826  -2863  -3211  -2839  -2188  -2525  -2486  -2653  -2402  -2453  -2388  -3012  -3162  -2956  -2303  -2278 
 -2122  -2209  -2424  -2570  -2512  -2158  -2110  -2109  -2451  -2763  -2888  -1657  -2417  -2648  -2233  -2325 
 -2559  -2230  -2205  -2448  -2656  -2605  -2143  -1244  -1669  -2628  -2895  -2703  -3075  -2893  -2556  -1865 
 -2308  -2282  -2426  -2219  -1556  -2089  -2912  -2806  -2334  -2003  -1726  -2054  -1743  -1545  -1480  -2228 
 -2130  -1569  -1808  -2978  -2486  -2622  -1448  -1999  -2135  -2342  -2543  -2433  -2392  -2776  -2427  -2471 
 -3968  -2629  -2618  -2065  -3309  -2422  -1940  -1765  -1165  -1379  -2321  -2172  -2482  -3205  -1983  -2788 
 -1986  -1025  -2697  -3142  -2280   -192    333  -1915  -1732   -774   2208    842    281   2525   3290   -806 
 -5824  -5407   1783   2407  -2445   -887   1561   5499   2789    952   2185   3203    620  -2353  -2011   4411 
  4843  -1659   -495     50    850    786    542    840   1510    270  -2276  -3564  -4855  -4366  -3873   -630 
  -449   -321  -1248  -1643   -903   -742  -1321  -3478  -3835  -6013  -5271  -3752  -1543   -632   -213   -399 
  -581   -814  -1589  -1816  -2201  -1408  -2282  -2216  -1897  -1119   -928   -709  -1024  -1243  -1459  -1808 
 -1658  -1715  -1586  -1841  -1788  -1768  -1509   -874   -932  -1161  -1237  -1703  -1989  -1956  -2076  -1897 
 -1725  -1726  -1440  -1266  -2306  -1290  -1358   -858   -824  -1161   -704   -735   -399   -590   -287    -17 
  -321  -2351  -1683  -1765  -1904  -2842  -2930  -1979  -1275   -926   -746   -758   -578   -827  -2173  -1256 
 -1758  -2197  -2756  -2877  -3068  -1973   -851   -580   -631  -1477  -1224  -2380  -2543  -2474  -2472  -2849 
 -4101  -3714  -2567  -2077  -1955  -1718  -1844  -1309  -2300  -3558  -3119  -2830  -2678  -4205  -3375  -3499 
 -2774  -2224  -1640  -1554  -1146  -1379  -3636  -1985  -2039  -2678  -4172  -3834  -4205  -3683  -2492  -1363 
  -319     15  -1964  -4922  -1666  -2314  -5437  -8018  -6060  -7986  -5933  -6679  -5956   -848   -994  -3557 
 -8383  -4326  -3439  -5306  -6180  -4292  -4126  -3154  -9805 -10697  -1686  -2186  -2983  -5054  -4778  -4722 
 -5737  -5414  -4367  -3110  -4713 -10780  -9697  -3823  -2789  -2785  -3256  -3301  -3034  -3102  -2844  -2911 
 -2765  -4991  -7523  -6387  -3854  -2564  -2167  -2167  -2205  -2340  -2455  -1987  -2147  -1805  -2430  -3438 
 -3210  -2205  -2079  -2369  -2291  -2275  -2182  -2535  -2091  -2072  -1913  -2377  -2453  -2229  -2141  -2057 
 -1272  -1426  -1487  -1621  -1920  -1947  -2095  -1990  -1658  -1231  -1149  -1313  -1387  -3439  -3712  -3757 
 -3055  -2951  -3146  -3100  -3076  -3673  -4107  -4288  -4140  -3209  -3876  -5347  -5079  -4367  -4523  -4001 
 -3966  -3760  -4355  -4117  -4706  -4464  -3534  -4300  -6025  -5895  -5436  -5261  -4684  -5026  -4609  -4300 
 -3782  -3804  -4406  -3494  -4491  -6641  -6227  -6578  -6279  -6033  -5146  -4975  -4243  -3842  -3977  -4744 
 -3820  -4624  -6438  -7132  -7289  -6680  -5925  -4839  -4333  -4049  -4428  -4040  -4251  -3373  -4185  -5390 
 -6585  -7686  -7227  -7346  -6290  -6363  -5606  -4156  -4564  -5386  -3596  -5275  -6120  -6084  -6328  -7483 
 -7329  -7184  -7685  -7748  -7693  -6416  -5691  -3885  -4973  -7319  -4941  -3673  -5089  -5248  -3801  -3095 
 -4067  -9026  -9235  -5391  -4345  -3078  -3657  -1808  -2018  -2775  -3776  -3403  -4290  -5287  -9873  -8786 
 -5740  -4538  -2395  -2675  -2207  -2140  -2063  -2358  -2602  -4201  -4802  -7347  -7223  -5777  -3595  -2153 
 -2056  -1656  -1920  -1630  -1823  -2195  -2477  -2841  -3291  -3585  -3249  -2677  -2478  -2466  -2811  -2736 
 -2651  -2643  -2709  -2739  -2581  -2525  -2248  -2209  -1959  -2074  -2014  -2139  -1935  -1755  -1652  -1778 
 -1892  -1932  -1903  -1814  -1728  -1937  -2958  -3298  -3148  -3035  -2833  -2386  -2298  -2253  -3107  -3335 
 -3384  -3757  -3493  -3841  -5083  -4711  -3930  -4361  -4518  -4100  -3085  -4287  -3633  -3895  -3818  -3722 
 -3596  -4869  -4406  -4195  -5031  -5374  -6286  -4889  -4527  -3934  -4016  -3705  -3466  -3630  -5161  -4850 
 -4588  -5537  -6463  -7034  -6238  -4880  -4558  -4573  -3663  -3270  -3447  -5440  -5215  -5424  -5345  -6567 
 -6223  -6011  -5136  -4985  -4902  -4001  -3744  -3249  -4469  -4652  -5661  -6543  -6658  -6545  -4991  -3919 
 -5164  -4598  -3358  -3397  -3872  -6379  -4473  -4144  -5485  -7179  -5822  -6645  -5217  -6632  -6637  -3162 
 -3354  -3686  -7881  -5392  -5160  -5208  -6394  -4125  -3561  -3358  -7417  -8629  -5319  -4147  -4064  -5444 
 -4052  -4597  -5118  -5752  -5231  -6246  -8890  -9734  -9908  -9261  -5358  -3350  -4359  -4056  -3320  -3390 
 -3649  -4371  -5359  -8932 -10004  -9472  -8319  -4063  -2378  -2940  -2305  -2476  -2800  -2938  -3314  -2794 
 -3795  -3870  -3260  -3138  -2292  -2240  -2552  -1783  -1803  -2112  -2220  -2504  -2228  -2280  -1900  -1360 
 -1279  -1568  -1798  -2060  -1679  -1488  -1607  -1505  -1649  -1703  -1793  -1664  -1570  -1616  -1547  -1537 
 -1644  -1859  -2155  -2116  -2260  -1976  -1525  -1963  -2035  -2171  -2084  -2113  -1082  -1648  -1359  -1561 
 -1814  -1989  -1763   -753  -2356  -1716  -2334  -2318  -2053  -1583  -1803  -1010  -1257  -1707  -1017  -1744 
 -1353  -2040  -1692  -2115  -1882  -1561  -2071  -2332  -2040  -2911  -3283  -2901  -2159  -2380  -2152  -1527 
 -1355  -1073   -966  -1705  -1733  -1533  -2591  -3015  -3692  -2070  -2385  -2335  -1991  -1080   -768   -852 
 -1225   -983  -1078  -1568  -2410  -3633  -4537  -4778  -3667  -2929  -2559  -1237  -1077  -2270  -3557  -2378 
 -2655  -5793  -7956  -7778 -10173  -7931  -5883  -6158  -2945  -2232  -4398  -8654  -5797  -4589  -5565  -7092 
 -5284  -6744  -7558 -13371 -13585  -7851  -3991  -4412  -7230  -7166  -6469  -5928  -5942  -5710  -5998  -9583 
-12430 -11482  -9523  -5299  -3654  -5452  -4923  -4675  -4015  -3822  -3869  -4925  -8580  -9864  -9697  -8766 
 -4861  -2606  -3979  -4172  -4066  -3785  -3819  -3786  -3526  -4796  -5566  -5213  -4759  -3176  -2767  -3587 
 -3582  -3210  -3460  -3454  -3593  -3294  -3532  -3519  -3451  -3448  -2855  -2331  -2953  -2987  -2425  -2406 
 -2286  -2446  -2342  -2581  -2763  -2702  -2995  -2608  -1972  -1976  -1956  -1847  -1775  -1697  -1066   -903 
   -73   -232   -191   -219   -959  -2551  -2601  -2376  -2491  -3026  -2814  -1919  -1425  -1187  -1265  -1223 
  -272   -748  -2404  -2508  -2479  -2288  -2657  -2701  -2377  -2057  -1880  -2168  -1810   -884  -1182  -3192 
 -3487  -3328  -2998  -3748  -4245  -3975  -2870  -2267  -2331  -2469  -1852  -2188  -3356  -3100  -3069  -2592 
 -3215  -3950  -3915  -3215  -2204  -2125  -2585  -2296  -1930  -3053  -2474  -3420  -3478  -4238  -5048  -5949 
 -6155  -4870  -4034  -3112  -3933  -2667  -4404  -5888  -4555  -4868  -7600  -9496  -9519  -9744  -7096  -6522 
 -6292  -4026  -3591  -5724  -9765  -7090  -4996  -6874  -8071  -7575  -7771  -7418 -10617 -10239  -6562  -5203 
 -3991  -6467  -5939  -5381  -5311  -5922  -5799  -6657  -9440 -13610 -11441  -7827  -4956  -3655  -5436  -5695 
 -4932  -5003  -4972  -4973  -5315  -7830  -9913  -8522  -6859  -3483  -3518  -5127  -5510  -5695  -5816  -5874 
 -5622  -4821  -4675  -4629  -4207  -3766  -2608  -3330  -3879  -3635  -4032  -4753  -4734  -4838  -4371  -4502 
 -4209  -3589  -3348  -2881  -2437  -3006  -3111  -3330  -3625  -3613  -3401  -3283  -3327  -3026  -2907  -2987 
 -2535    443     81      0    159    191   -101     24    174    171     -6    196   -239   -332    658    -49 
  -245    263     63   -148    -21    265   -185   -112     93   -681   -695    669   -190   -291    388    -74 
  -180   -116    350   -256   -153    284   -581   -674    546   -346   -230    401    -42   -175    -77    440 
   -23    -20    398   -379   -715    411   -167   -140    538    233     12   -118    339    -29   -110    161 
   -53   -626    532    -80   -258    371    440     10   -273    355   -411     69    -26     51   -603    751 
   199   -479    161    679    282   -356    611     39    834   -839   -407   -535    872    387   -374     27 
   503    399   -265    793    288   1721  -1197   -846   -455    571    397    -52    146    434    -26    -73 
   426   1370   1109  -1314   -891   -471    490    664   -169   -178    -59   -163    -99    302   1942   1234 
 -1174   -696   -550    559    666    134   -125     47     -8   -162    -35    755    247   -834   -347   -655 
   500    782    333     10     16    -14    -97      2    -82   -322   -341   -449   -552    396    521    259 
   145     86     20    -79    -53   -133   -352   -249   -204   -204    102    169    159     85    -15     17 
   158    124      0   -157   -152    -35    -28    638    582    631    804    805    817    621    492    292 
   205    288    239    429    469    500    351    356    353    502    420    341    197    222    262      7 
   214    215    316    423    644    735    638    764    385    312    291    404    188    189   -162    258 
   643    699    630    174    275    231    355    178    190    279    248   -159    263    165    160    356 
   405   -136     47    101    477    363    -63    -22    304    976    590    163     67    194     29    318 
   602   1669   1827    333     27   -458   -601   -648   -498   -578   -871   -621   -525    -86   -139    -59 
   -39     23   -745   -985   -950   -837   -821   -774   -608   -574    -46    306    313     59   -130   -337 
  -307   -491   -475   -539   -558   -450   -412  -1038  -1510  -1444   -565   -199    -33      2    -93    -93 
  -109   -237   -312   -197   -409   -763   -723   -301   -291   -897   -776   -588   -518   -432   -346   -374 
  -286   -596   -796   -894   -891   -787   -794  -1021  -1201  -1111  -1127  -1091  -1099  -1091  -1238  -1212 
 -1072  -1061   -691   -261    -19     89    126    131    134    133    144    135    139    133     13   -155 
  -359    -99    121    110    -27    104     95    157    106    225    101    -66   -232   -387   -161    108 
   120    -35     12      5     75     42    181     78    -87   -270   -376   -134    132    127     56     28 
    61     44     47    211     97    -71   -293   -331   -114    142     99     85     69    106    -17     73 
   166    105    -75   -366   -301   -109    125     94     17    -60    -11    -14     33     99     94    -21 
  -370   -323   -269     16    143    -48   -163     37     28     36   -136   -221    -11   -371   -275   -240 
   -28    143     70   -103      1     -6     18   -281   -302    -22   -387   -281   -111     94    254    243 
   115    229    208    146     22      2     64   -397   -365    -55    128    270    327    299    292    285 
   134     41     85    -23   -407   -393    -29     82    217    301    354    362    360    244    151    130 
   -71   -408   -376    -19     81    248    320    373    370    372    299    229    147    -43   -342   -222 
    89    205    304    376    419    428    436    393    318    182     73   -171    -42    -70   -119   -131 
  -132   -172   -176   -180   -152   -168   -176   -133    -83     -2    -66   -153   -173   -137   -158   -158 
  -200   -157   -177   -170   -127    -46     76     68    -22    -69    -25    -47    -20    -19     -4    -15 
   -10     11     16    127    114     21    -75    -50    -78    -96    -98    -61     -2     48    120    118 
    41    -66   -157   -180   -202   -167   -140   -103   -118    -70    -30     37    102     77     -1   -134 
  -187   -198   -172   -171   -100   -113    -67    -41    -28     85    -46    -73   -140   -197   -258   -276 
  -322   -382   -326   -172   -103   -140     30   -140   -164   -215   -200   -241   -248   -281   -283   -236 
  -132   -105   -133     13    -89   -214   -289   -291   -283   -216   -194   -157   -240   -299   -287   -254 
    64     43      1    -74   -141   -183   -169   -173   -191   -261   -265   -208    -97     76    -19    -72 
   -79   -131   -172   -181   -163   -153   -137   -103    -58    -25     61    -84   -185   -221   -265   -296 
  -310   -299   -308   -273   -222   -171   -113    -19   -144   -302   -379   -465   -502   -528   -538   -527 
  -495   -419   -337   -273   -150  -7764  -8437  -8843  -9178  -8695  -8071  -7356  -6544  -6359  -6496  -7236 
 -7039  -7596  -7690  -8815  -9091  -9060  -8434  -8319  -8059  -6913  -6369  -5973  -7378  -7393  -8137  -6681 
 -8522  -9014  -8762  -8253  -8271  -9401  -8524  -7590  -7265  -7811  -7267  -7461  -5629  -6925  -7961  -8567 
 -7698  -7539  -8532  -8705  -7774  -7141  -6778  -6597  -6983  -5901  -6823  -8079  -8360  -7154  -6513  -6864 
 -7563  -6933  -6605  -6519  -5781  -6307  -5918  -4813  -6571  -8082  -6426  -5484  -6552  -8133  -7671  -6805 
 -5751  -5080  -6161  -5756  -3435  -5394  -6677  -4715  -3517  -6453  -4995  -4061  -1524   -737  -6234  -6178 
 -5125  -1070  -3843  -5693  -5536  -4846  -6884  -7260  -5556   2279   2625  -7578  -6957  -7030  -5691  -6789 
 -6846  -7209  -6321  -6908  -6807  -3668   3716   2645  -7411  -6648  -7058  -7196  -7262  -7626  -7667  -6811 
 -7556  -8071  -5522   -119  -1107  -7024  -6695  -6688  -6486  -6284  -6386  -6375  -6385  -6294  -7668  -7693 
 -6988  -7217  -7512  -7080  -7228  -6687  -6308  -6818  -6778  -6627  -6338  -6334  -6748  -7404  -7731  -7734 
 -7906  -7983  -8055  -8113  -7697  -7332  -6331  -6137  -5817  -6927  -8077  -8707  -8714  -8247  -2148  -1803 
 -2110  -1969  -2075  -1871  -2002  -2098  -2358  -1983  -1928  -2030  -2298  -3124  -3024  -3018  -2845  -2991 
 -2392  -1999  -1825  -1872  -1536  -2168  -2239  -2325  -3241  -3751  -3711  -3421  -3595  -3014  -2832  -2503 
 -2074  -1249  -1552  -1381  -1853  -3021  -3145  -3042  -3355  -3868  -3100  -2915  -2865  -3121  -2529  -2196 
 -1856  -1825  -2876  -3294  -3197  -4010  -3646  -4080  -3151  -3174  -3772  -2983  -2419  -2849  -2786  -3079 
 -3329  -2635  -3422  -3446  -3939  -4052  -4923  -4451  -3386  -2743  -2849  -2910  -3255  -4281  -4396  -4288 
 -3267  -3610  -5767  -6853  -5979  -5442  -5560  -3124  -3449  -3580  -5406  -5433  -5869  -4785  -5136  -4450 
 -4725  -6735 -11850 -11963  -6696  -4587  -3866  -5876  -5297  -5192  -5122  -5443  -4292  -5762  -9716 -13871 
-12831  -9925  -6322  -3050  -3617  -2801  -2434  -2529  -2686  -3073  -4906  -8617 -12878 -11550  -9262  -5685 
 -1804  -1617  -1565  -1066   -903   -939  -1873  -2234  -2937  -4899  -4257  -4546  -3826  -1611  -1861  -2123 
 -1118   -482   -148     87   -631   -234  -1362  -1857  -2118  -2028  -1971  -1638  -1396   -780   -330   -236 
   -58     44    186   -248   -728   -707  -1614  -3678  -3257  -3030  -2774  -3007  -2518  -2405  -2039  -2237 
 -1978  -2067  -2083  -2322  -3284  -2988  -2875  -2907  -3019  -3077  -3037  -2290  -2188  -1551  -1981  -2209 
 -2306  -3138  -3040  -3544  -3536  -4317  -4231  -4454  -3452  -2735  -1854  -1893  -2334  -2422  -2627  -2435 
 -3219  -3663  -4621  -5358  -5074  -3558  -3351  -2441  -2203  -2556  -2845  -2890  -2857  -3008  -4022  -4260 
 -4528  -3921  -3263  -3925  -3046  -2204  -3159  -3291  -2866  -3231  -3001  -4052  -4299  -3928  -3070  -3697 
 -3901  -3043  -2597  -2928  -2856  -2236  -3670  -2694  -3536  -3720  -4663  -3617  -5604  -5277  -5646  -6271 
 -3055  -2484  -3496  -5874  -4636  -4955  -4097  -4520  -2441  -1602  -2068  -4586  -6658  -1391   -417  -2705 
 -3524  -4331  -5524  -5247  -5126  -2384    982   1966   3515   3006   1664    189  -2087  -2627  -2724  -2535 
 -3377  -2917  -1142   1150   3065   4527   4224   2123   -181  -1516  -2122  -2259  -1602  -2035  -1960  -1719 
  -816    251    527    747    261  -1180  -1817  -2851  -2993  -2707  -2738  -2818  -2815  -2741  -3149  -3160 
 -3102  -2980  -2612  -1473  -1855  -2300  -2506  -2645  -2879  -2653  -2309  -2520  -2308  -2176  -2427  -2234 
 -4896  -5637  -5973  -4819  -4717  -4629  -4530  -4827  -4845  -4992  -4923  -4517  -3724  -5217  -6321  -5807 
 -4192  -3715  -4423  -4110  -4521  -3669  -4055  -4064  -3940  -3366  -5764  -7566  -6475  -4093  -2865  -3836 
 -4227  -4146  -3295  -3929  -3574  -3769  -3077  -5580  -6993  -6279  -5358  -4797  -5765  -5482  -4322  -3517 
 -3580  -3695  -4154  -3559  -4823  -5410  -5528  -5869  -4724  -5022  -4997  -4308  -4085  -3399  -3025  -3908 
 -4034  -4751  -4727  -5437  -6576  -5371  -5191  -5941  -6888  -6752  -5429  -4056  -4700  -4204  -4331  -4136 
 -4419  -4476  -5693  -6357  -6733  -7621  -7389  -7416  -6562  -4614  -3563  -3931  -5684  -4552  -4137  -5464 
 -5930  -6420  -7715  -9234 -13242 -11898  -6922  -4735  -3205  -3289  -3748  -3822  -4397  -4628  -4535  -5890 
 -9699 -12189 -11340  -8993  -5279  -2615  -1989  -2488  -2629  -3005  -3072  -3893  -5407  -9570 -11985 -11110 
 -8663  -4410  -2580  -2545  -3351  -3392  -2727  -2379  -2998  -2706  -4685  -5514  -4218  -3343  -2637  -3245 
 -3303  -3229  -3224  -3449  -3457  -3614  -3465  -3722  -3548  -3384  -3199  -2674  -3292  -3466  -2916  -2719 
 -2497  -2645  -2746  -2645  -2714  -2722  -2736  -2852  -2927   -778   -382   -464    -23     52   -162     84 
   -72   -386   -735   -434   -680   -960    280    -86   -597   -860   -618  -1136   -407   -168     28   -553 
  -207   -368   -391   1206   1259    396   -622   -382   -475   -282   -342   -120   -431   -554   -846   -982 
  1686   1369    316   -711  -1137  -1483   -857   -857   -805   -864  -1095  -1495   -969     88    314  -1205 
 -2219  -2742  -3163  -2482  -2596  -2889  -2072  -1602  -1067   -750   -902   -528   -655  -1536  -2089  -3008 
 -3772  -4436  -4141  -3294  -3110  -2643  -1277   -798  -2403  -1495  -1789  -2485  -4039  -4981  -7151  -5264 
 -4422  -5195  -2937  -1863  -2441  -4315  -2495  -2832  -2012  -4001  -3440  -4708  -5313  -9858 -10245  -4752 
 -2764  -1511  -2700  -1374  -2474  -2278  -4064  -3622  -5186  -7854  -9460  -9203  -5894  -3630  -2213  -2532 
 -1270   -482   -407  -1864  -2752  -4062  -7099  -9282  -8746  -5942  -3372  -1853  -2572  -2222  -1103   -745 
 -1651  -2349  -2473  -3681  -4001  -3571  -3216  -2065  -1720  -2837  -2803  -1717  -1444  -1366  -1687  -1872 
 -1901  -1943  -2625  -2478  -1508  -1372  -1961  -1682  -1191   -684   -707   -818   -848   -809   -852  -1163 
 -1394  -1143  -3004  -3248  -3754  -3314  -3322  -3514  -3225  -2682  -2582  -2951  -3394  -2947  -2924  -2778 
 -2779  -3656  -2802  -2338  -3173  -3403  -3153  -2650  -3020  -4142  -3650  -3771  -3346  -3619  -4243  -3227 
 -3013  -3205  -3880  -3539  -3161  -3385  -3593  -3752  -3591  -3509  -4149  -4837  -3668  -3614  -4733  -5774 
 -4694  -4115  -3708  -4110  -4085  -3690  -3825  -4477  -5105  -5074  -5113  -6826  -7019  -5709  -4492  -3394 
 -3351  -3804  -3382  -4677  -4670  -5174  -5318  -6155  -6654  -7912  -8259  -6590  -5584  -3983  -4624  -3776 
 -4171  -4802  -4999  -5071  -5422  -5871  -7408  -8070  -7083  -6807  -6747  -5283  -4197  -4692  -6580  -6412 
 -6743  -6981  -7106  -7122  -8635  -9673 -14019 -13690  -9237  -5786  -5462  -7428  -6371  -6047  -6619  -6932 
 -6656  -7428 -13068 -15130 -13930 -10547  -6835  -3938  -5389  -4714  -4116  -4662  -4604  -5765  -7126 -12772 
-15912 -14936 -10555  -6123  -3076  -4634  -4607  -4476  -4765  -4663  -5379  -5085  -7440  -8874  -8242  -6125 
 -4425  -3503  -4845  -4766  -4679  -4945  -4846  -5084  -4850  -5207  -5252  -5198  -5085  -3666  -3313  -4312 
 -4311  -4190  -4507  -4632  -4611  -4337  -4247  -3989  -3947  -4302  -3592  -1697  -2012  -2576  -2959  -3207 
 -2431  -2023  -1305  -1542  -1573  -2174  -1934  -1735  -1400  -2987  -2901  -2544  -1819  -1121  -1429  -1179 
 -2005  -1964  -3052  -2893  -2197  -1897  -2938  -3131  -2105  -1221    -53    134    106   -279  -1272  -2532 
 -2306  -1583   -644  -1189  -1124     64   1749   2033   2010    449    352    457   -698  -1017  -1438   -989 
  -481   -682    823   2018   2416   1615   1384    354    681    448    385   -189   -326    300    664   1077 
  2112    765    680  -1481  -1492    569    537    403   -488  -1821  -2725  -2705  -2707  -2287  -3218  -4992 
 -5822  -4325  -3071  -4329  -2382  -1694  -5268  -6699  -6690  -6333  -6769  -6559  -6100  -6318  -5900  -8100 
 -8154  -5681  -4343  -5474  -8323  -7879  -8119  -8086  -7662  -5963  -6230  -8145  -9810  -8389  -7305  -5235 
 -4099  -6554  -6437  -6046  -6186  -5959  -5440  -6341  -8652  -9963  -9477  -8637  -5609  -3415  -5026  -5220 
 -4715  -5849  -6018  -6276  -6118  -6679  -7266  -7197  -6507  -4909  -3118  -5046  -5483  -5133  -5789  -5568 
 -5495  -5419  -5798  -6094  -6240  -5804  -3905  -2486  -3640  -4159  -3762  -3624  -3353  -2936  -2696  -2945 
 -3215  -3485  -3504  -2877  -1906  -2173  -2308  -2343  -2573  -1721  -2265  -2557  -2984  -2699  -2678  -2603 
 -2468  -2298  -3250  -3692  -3594  -3566  -2548  -3095  -2802  -3101  -2650  -3286  -3123  -2796  -3071  -3970 
 -4364  -4375  -4510  -4263  -4461  -4491  -3854  -2838  -2310  -2562  -1985  -4183  -5341  -5075  -5302  -6740 
 -6799  -5940  -5251  -4973  -4201  -3590  -3386  -2486  -4811  -5246  -5266  -5809  -5925  -6784  -5789  -5017 
 -4473  -4458  -4210  -4053  -3073  -3809  -4353  -4367  -4797  -4574  -3464  -2063   -178   -333  -1684  -3048 
 -3839  -2782  -1964  -3348  -3943  -2737  -1576   -785    755   2428   3394   -206  -2157  -1400  -2435  -2208 
 -4179  -3989  -3334  -2198  -2381   -119   1326   1550  -2710  -4006  -1810  -2638  -2308  -3973  -4312  -3568 
 -2606  -2176  -1818  -3036  -4999  -6299  -7032  -5545  -4346  -2248  -2928  -2663  -1294   -377    106   -467 
 -2847  -6894 -10036  -9461  -6757  -3985   -815  -1077  -1434   -695   -679    -77    -39   -285  -1082  -2928 
 -2767  -2126  -1926  -1107  -1606  -1570   -617   -546   -406   -245   -149    -83   -204   -548   -534   -807 
  -868   -802  -1048   -842   -822   -553   -424   -160   -174   -168   -298   -130   -652  -2839  -2886  -2327 
 -2059  -1700  -2327  -2304  -2255  -2467  -2603  -2555  -2779  -2563  -2842  -3146  -3218  -2837  -2919  -3467 
 -3179  -2920  -2884  -2451  -2847  -2815  -2804  -3058  -4024  -3918  -3139  -3111  -3199  -3844  -4243  -3447 
 -2877  -3249  -3275  -3285  -3516  -4936  -5220  -5229  -5556  -5502  -5789  -5839  -4553  -3754  -4067  -4222 
 -3864  -3413  -4672  -5350  -6108  -6553  -6532  -6627  -6247  -5766  -5322  -4477  -4499  -3714  -3866  -5181 
 -6322  -7508  -7546  -7620  -7631  -8252  -7562  -8086  -7132  -6843  -4526  -4021  -4977  -6429  -6332  -5631 
 -6464  -6687  -8333  -8075  -7723  -7612  -7395  -5441  -4050  -6831  -6269  -6507  -6143  -6329  -5459  -7157 
 -6298  -8341  -8899  -7735  -6070  -4417  -5706  -4697  -5317  -6095  -6732  -5455  -5605  -7213  -9262  -9222 
 -8466  -5830  -4047  -4786  -4396  -4255  -4740  -5220  -5383  -5602  -7189  -8725  -8425  -6997  -4011  -3251 
 -3670  -3466  -3752  -4416  -4798  -5378  -4672  -4726  -4806  -3884  -3746  -2608  -3338  -3408  -3461  -3644 
 -4139  -4313  -4701  -4461  -4015  -3652  -2743  -2967  -2343  -3058  -3390  -2956  -3000  -3277  -3624  -3992 
 -3971  -3811  -3460  -2979  -3040  -2734  -1784  -1675  -1672  -1379  -1040   -941  -1253  -1618  -1801  -1812 
 -1856  -1945  -2121  -1556  -1014  -1117  -1222   -729  -1082   -866  -1617  -1547  -1753  -2353  -2397  -2077 
 -2085  -1659  -2013  -1839  -1996  -1868  -2335  -2273  -1524  -1389   -922   -328   -508  -1975  -1569  -1752 
 -1651  -3006  -2407  -3605  -2454  -1588  -1810  -1352   -536   -337  -2020  -1740  -2295  -2505  -2992  -3390 
 -4182  -3426  -2730  -2815  -2264  -2260  -1839  -2703  -3177  -3875  -4969  -4832  -4086  -3932  -3320  -2316 
 -2728  -2325  -2314  -1936  -4249  -4902  -4757  -5488  -5280  -5140  -4742  -4761  -3988  -4813  -4814  -3014 
 -2132  -4433  -6736  -5828  -6653  -5876  -6577  -5826  -5399  -6268  -8287  -7768  -4489  -2806  -3876  -6880 
 -5486  -5267  -6036  -7634  -5959  -5138  -7233  -7697  -7020  -5397  -2975  -1659  -4117  -3336  -2473  -3540 
 -4278  -3763  -4202  -7920  -8752  -7348  -4532  -2528   -920  -2430  -2265  -1949  -2417  -2599  -2902  -1984 
 -3003  -3980  -3271  -1672  -1756   -754  -1620  -1133  -1592  -2095  -2192  -2538  -2033  -1811  -1611  -1378 
  -965  -1245  -1577  -1784  -1148  -1446  -1824  -2199  -2221  -2121  -1989  -1518  -1014  -1028  -1396  -3657 
 -3984  -3997  -3419  -3209  -3423  -3543  -3834  -4210  -4436  -4250  -3743  -3123  -4760  -5759  -5585  -4964 
 -4601  -4672  -5072  -4778  -5016  -4770  -5405  -5177  -3966  -5196  -6683  -6518  -6169  -5823  -5622  -6485 
 -6110  -5251  -4445  -4196  -4544  -3441  -5117  -7010  -6700  -7284  -7717  -7859  -7187  -6665  -5687  -5366 
 -5044  -5242  -3949  -4777  -6043  -6558  -7374  -6910  -6368  -5473  -5203  -5432  -5140  -5031  -5319  -4138 
 -4257  -5085  -5659  -7370  -6620  -5995  -5632  -6223  -6250  -5953  -5421  -4873  -3952  -4935  -5517  -5329 
 -5791  -5769  -5755  -5401  -6875  -6860  -8112  -7547  -6116  -3533  -5236  -7054  -5617  -5848  -5975  -6973 
 -6871  -6648  -8594 -11975 -10830  -8640  -4537  -5366  -7167  -6462  -5643  -6215  -6575  -6197  -5676  -8822 
-10141  -9422  -8517  -5359  -4464  -5484  -4779  -4147  -4328  -4338  -5261  -6260  -9667 -10757 -10479  -8330 
 -5048  -3234  -4018  -4092  -3671  -4043  -3725  -4329  -4462  -5910  -6197  -5914  -4837  -3755  -3306  -4477 
 -5034  -4711  -5188  -5011  -5108  -4918  -5019  -5039  -5115  -4519  -3212  -2782  -3164  -3394  -3390  -3255 
 -3304  -3310  -3135  -3324  -3354  -3279  -3094  -2738  -3096  -2983  -2654  -2624  -2672  -2598  -2317  -2435 
 -2171  -2364  -3180  -3198  -3362  -3966  -4811  -4459  -3802  -3633  -4106  -3734  -3567  -3137  -2569  -3789 
 -4193  -3956  -4906  -5948  -5489  -4757  -4584  -5412  -5598  -5307  -4163  -2866  -3330  -3811  -3989  -5508 
 -6014  -5554  -4766  -4743  -5844  -6381  -6412  -5203  -3714  -3710  -4363  -4480  -4234  -4790  -4905  -5041 
 -4699  -5537  -5647  -6233  -5304  -3751  -3721  -4768  -4725  -3565  -4147  -4969  -5125  -4931  -5148  -5367 
 -6361  -5851  -3581  -3899  -4673  -3868  -3808  -5341  -5918  -5045  -5098  -6230  -5224  -7249  -6321  -5708 
 -5371  -4011  -4013  -3920  -6679  -6374  -5198  -4689  -5402  -4003  -4818  -5486  -8583  -9792  -5638  -3988 
 -3065  -3469  -2946  -3803  -4150  -4876  -3087  -3497  -5740  -7776  -8351  -5369  -4011  -1783  -2083  -1556 
 -2367  -2902  -2929  -2352  -3110  -6271  -8197  -8105  -5410  -3239  -1433   -606    -34   -665  -1395  -1497 
 -1749  -1611  -2745  -1743  -1868  -2685  -2182   -755   -828   -955  -1544  -1601  -1625  -2048  -1886  -1894 
 -1321   -958  -1340  -1425  -1716  -1564  -1296  -1417  -1341  -1099  -1311  -1266  -2018  -2231  -1751  -1526 
 -1463  -3486  -3966  -3663  -3269  -2929  -3153  -3120  -3289  -3329  -3803  -3757  -3599  -3023  -3080  -3682 
 -4109  -3908  -3721  -3762  -4147  -4087  -3382  -2787  -3080  -3305  -3036  -3046  -4541  -4880  -4698  -4715 
 -4810  -5783  -6049  -4210  -2932  -2832  -3924  -3502  -3447  -4851  -5339  -5395  -6315  -6658  -6945  -6698 
 -5553  -4710  -4662  -4830  -4175  -3844  -5244  -5783  -6423  -7164  -7317  -6979  -6432  -5881  -5338  -4913 
 -4991  -4009  -4171  -5352  -5785  -7327  -7420  -6926  -6925  -7862  -7325  -6859  -6272  -6178  -4190  -5017 
 -4794  -5390  -4805  -5539  -5660  -6582  -6776  -7157  -7825  -7284  -7609  -4071  -4714  -5563  -4590  -4795 
 -5018  -5099  -5066  -5556  -7911 -10596  -9809  -7473  -3821  -3475  -4159  -3257  -3866  -4385  -5080  -4531 
 -4286  -6202  -8708  -8239  -6631  -3470  -3262  -2955  -2247  -1895  -2846  -3452  -3602  -4039  -5127  -6895 
 -6979  -4852  -2232  -2172  -2019  -1957  -1950  -3150  -3470  -3721  -3416  -4226  -4092  -3893  -2557  -1637 
 -2671  -3042  -3376  -3179  -3685  -3859  -3649  -3033  -2793  -2474  -2696  -2473  -2153  -2632  -2845  -2694 
 -2545  -2679  -3028  -2975  -2800  -2667  -2670  -2566  -2494  -2403  -3925  -4335  -4001  -3585  -3519  -3576 
 -3330  -3514  -4091  -4375  -4050  -3792  -3043  -3675  -4871  -4532  -4073  -3755  -4043  -4100  -4020  -4285 
 -4363  -4353  -3993  -3125  -4438  -5847  -5668  -4457  -3816  -3672  -3917  -4193  -3538  -3148  -2888  -2934 
 -2503  -4174  -5819  -5530  -5367  -5420  -5093  -4261  -3912  -3305  -2838  -2964  -3517  -2999  -4372  -4915 
 -5145  -5212  -5233  -5865  -5506  -4567  -4183  -3480  -2977  -2938  -2706  -4186  -4597  -4348  -5370  -5438 
 -6487  -5903  -7040  -6416  -4073  -3539  -3633  -3024  -2858  -3493  -3294  -3521  -3638  -4691  -5097  -6797 
 -6606  -6338  -5498  -4002  -2488  -3159  -4627  -2873  -2667  -2504  -4207  -4150  -5362  -5801  -9319  -8993 
 -4269  -1935  -2582  -2944  -2638  -3299  -3691  -4615  -4494  -5436  -7500  -8396  -7788  -4780  -3358  -2778 
 -3267  -2571  -2917  -3418  -3872  -4121  -5496  -7784  -8558  -8603  -5379  -3245  -2290  -2792  -3225  -3248 
 -3636  -3801  -4092  -3408  -3202  -3256  -3783  -3351  -2715  -2961  -3753  -4337  -3977  -4270  -4367  -4383 
 -3879  -3828  -3650  -4070  -3989  -3139  -2657  -3178  -3188  -3343  -3190  -3503  -3547  -3092  -3066  -3236 
 -3253  -3294  -3121  -3303  -3492  -3693  -3934  -4163  -3934  -3606  -3400  -3251  -3397  -3983  -4014  -4337 
 -3585  -4116  -4255  -4444  -4595  -4344  -4410  -4034  -3725  -3064  -4261  -4034  -4023  -3892  -4610  -4621 
 -5023  -5835  -5768  -5941  -5039  -4748  -3474  -3269  -3226  -3328  -4191  -4932  -4582  -5153  -6608  -6659 
 -6684  -6183  -5812  -4579  -4579  -4366  -3723  -4153  -4768  -4161  -5042  -5712  -5823  -5541  -5718  -5641 
 -4761  -4427  -4717  -3693  -3840  -4326  -4313  -5157  -5872  -4450  -3686  -3715  -3604  -3839  -4111  -4695 
 -3507  -4065  -4451  -4882  -3688  -2423  -2634  -3306  -4162  -4392  -5007  -5332  -5287  -3536  -4061  -5475 
 -5272  -3886  -2539  -1940  -2745  -2932  -3575  -5756  -6897  -6021  -4480  -3499  -4304  -4332  -3424  -3528 
 -2995  -2515  -2413  -3597  -4516  -4464  -5843  -5317  -3151  -4105  -3480  -3108  -3234  -2568  -2455  -3425 
 -4797  -6243  -5874  -5458  -4677  -2370  -3353  -3631  -3246  -3129  -3055  -3224  -2910  -2057  -2206  -2369 
 -3597  -3604  -3007  -4032  -4254  -3794  -4109  -4026  -4136  -3752  -3429  -3619  -3858  -3558  -3095  -2749 
 -2795  -3021  -3134  -3250  -3294  -3117  -2775  -2461  -2633  -2797  -2874  -3143  -1642  -2694  -3244  -2879 
 -2836  -2811  -2700  -2802  -2832  -2812  -2513  -2200  -1325  -2415  -4067  -4123  -3529  -3672  -3393  -3387 
 -3264  -3385  -3265  -3283  -2748  -1783  -2822  -4601  -4272  -3726  -3389  -3007  -2546  -2475  -2537  -2513 
 -2792  -2427  -1730  -2514  -4183  -3573  -3639  -3217  -3590  -3480  -2847  -2983  -2834  -2700  -2516  -2020 
 -2468  -4121  -3371  -3442  -2869  -2922  -2673  -2199  -2389  -2041  -2257  -2845  -2026  -1288  -2512  -2534 
 -3002  -2510   -874  -1087  -1820  -2861  -1640  -1390  -2945  -1910   -119    886     23   -122     -4    250 
   212  -2337  -2128   1496   1948   -965  -1202   1688   2521   2043    611    619    488    -19  -2171  -1832 
  3229   4312    561   -781   1613   2201   1421   1187   1196   1472    378  -1854  -4382  -5604  -4869  -2726 
   154    586   1266    -65   -746   -704   -768   -853  -2710  -5015  -7156  -6203  -2666   -582   -655   -419 
 -1102  -1838  -2324  -2744  -2428  -2202  -2526  -3700  -2323  -1026   -699  -1092   -666  -1307  -1949  -2819 
 -3141  -2826  -2287  -2222  -2251  -1540  -1019  -1016   -633   -494   -950  -1110  -1736  -2144  -2181  -2119 
 -1999  -1662  -1564  -1289  -1092  -2875  -2292  -2500  -2123  -2131  -2508  -2214  -2820  -2186  -2199  -1557 
 -1270  -1253  -2111  -1829  -2130  -1427  -2156  -3188  -2324  -2612  -1833  -1755  -1362   -857   -907  -2150 
 -1526  -2314  -1791  -1974  -2745  -2826  -2547  -1735  -1474  -1113  -1568  -1334  -2549  -2276  -2940  -2143 
 -2766  -4797  -4925  -3852  -3159  -2596  -2506  -2004  -1283  -2582  -2918  -3313  -3076  -2838  -4267  -4209 
 -4248  -4336  -3421  -3155  -2100  -1211  -1828  -2760  -2198  -2276  -2090  -2191  -2203  -2707  -3129  -3656 
 -2896  -1921   -330  -2250  -3440  -2187  -2008  -2682  -4177  -3931  -5376  -4186  -5656  -4842  -2116  -1264 
 -3289  -5627  -3547  -4094  -4469  -4541  -4394  -4339  -4427  -9439  -8830  -2982  -2043  -3165  -4353  -4723 
 -4744  -5746  -5762  -5981  -5513  -7176  -9463  -9139  -5576  -2848  -3060  -3578  -3781  -3486  -4542  -4874 
 -5708  -5565  -8657 -10025 -10172  -6346  -2873  -2241  -2879  -3215  -3755  -4779  -4873  -5587  -4486  -5253 
 -5421  -5189  -3124  -2266  -2938  -3821  -3626  -3699  -4810  -4488  -4653  -3974  -4602  -4170  -4150  -3470 
 -2553  -2477  -3026  -2865  -3197  -3561  -3655  -3631  -3253  -3235  -3006  -2995  -2786  -2481  -3246  -3332 
 -3259  -2618  -2701  -2810  -2934  -2808  -3413  -3843  -3897  -3900  -3278  -3390  -4318  -4296  -3685  -4060 
 -3854  -3996  -3590  -3991  -3757  -4195  -3956  -3595  -3335  -4593  -4951  -4837  -5006  -4627  -5266  -4502 
 -4140  -3423  -3107  -4111  -3778  -3927  -5859  -6493  -6940  -7243  -6784  -6192  -5235  -4423  -4193  -4184 
 -4872  -4360  -3901  -5246  -6501  -6954  -6410  -5745  -5260  -4648  -4820  -5127  -4673  -4768  -4175  -4338 
 -5775  -6882  -8232  -7559  -7787  -7323  -6903  -6904  -5999  -6090  -6074  -4325  -6000  -6472  -7301  -7241 
 -7487  -7369  -7755  -7903  -8300  -9670  -8295  -7319  -4597  -5861  -7576  -6202  -5667  -6464  -6428  -5907 
 -4643  -6288 -10592 -10065  -7626  -5207  -4407  -5052  -3940  -4177  -5264  -6272  -5250  -4652  -5536  -8000 
 -7320  -7208  -5173  -3559  -3703  -2934  -3064  -3326  -3529  -3272  -3827  -4559  -5459  -5849  -5602  -3735 
 -2838  -2944  -2590  -2521  -2415  -2174  -2560  -2473  -3326  -3060  -3128  -3117  -2898  -3070  -3493  -4050 
 -3716  -3691  -3590  -3617  -3560  -3330  -3024  -3112  -3136  -2796  -2605  -3036  -3219  -3004  -2833  -2723 
 -2853  -2808  -2825  -2585  -2639  -2657  -2703  -3010  -3322  -3480  -2879  -2497  -2522  -2539  -2565  -3214 
 -3545  -3659  -3781  -3711  -4466  -5919  -4977  -3838  -4097  -4359  -4161  -4167  -4297  -3765  -4639  -4652 
 -4269  -4832  -6357  -5069  -4435  -5321  -5690  -6220  -5606  -5282  -4139  -4626  -5143  -4198  -5170  -6415 
 -4831  -4397  -5136  -6319  -6894  -6703  -6266  -5039  -5077  -5294  -4155  -5204  -6782  -6127  -6537  -6574 
 -7327  -7068  -7318  -6370  -5542  -5482  -5416  -4748  -4312  -5700  -5781  -7139  -7337  -7105  -5718  -5445 
 -4582  -4650  -4779  -5047  -4617  -3841  -6022  -5741  -5906  -4769  -5232  -4115  -3900  -3637  -4630  -5714 
 -5425  -4886  -3975  -5878  -5496  -6511  -4829  -5070  -3696  -4006  -3479  -6327  -7794  -6500  -5285  -4216 
 -4994  -4282  -4472  -5016  -6315  -5734  -6332  -7554  -8998  -9001  -7635  -5901  -3219  -3918  -2815  -2296 
 -3123  -3830  -4886  -5590  -8345 -10511  -9484  -6987  -4454  -2286  -2487  -1877  -1880  -2468  -2887  -3614 
 -2889  -4022  -4069  -4183  -3806  -2816  -2521  -3443  -2984  -2446  -2351  -2560  -2999  -2741  -2581  -2352 
 -2239  -1901  -1968  -2389  -2686  -2335  -1819  -1729  -1649  -1681  -1633  -1654  -1693  -1932  -1787  -1969 
 -1727  -1575  -1433  -1666  -1588  -2161  -1671  -1356  -1531  -1854  -1956  -2059  -2334   -606   -544   -716 
  -979  -1080  -1245   -885   -386   -823   -747  -1622  -2190  -2034  -1188   -727   -380   -555  -1292   -520 
  -706   -797  -1569  -1114   -907  -1136  -1173  -1819  -1705  -2241  -3306  -4248  -3858  -2628  -2311  -1944 
 -1370  -1076   -887   -820  -1502   -783  -1578  -2488  -3192  -3437  -1920  -1593  -1707  -1213   -726   -740 
  -620   -760   -815  -1165  -1702  -2707  -3899  -3560  -3930  -2543   -991  -1115   -803   -552  -1806  -2375 
 -1810  -2006  -2433  -3237  -4297  -5847  -4061  -3318  -4063  -1672  -1471  -3135  -4704  -3262  -2620  -2780 
 -3521  -3850  -5509  -7324  -9959 -10267  -6238  -3428  -3621  -6250  -6424  -5708  -5500  -5147  -4632  -4894 
 -8929 -11293 -11024  -8395  -5193  -3772  -5667  -5505  -4771  -4421  -3625  -3610  -4472  -8669 -11589 -11357 
 -9281  -5507  -2691  -3968  -4650  -4716  -4527  -3783  -3826  -2980  -3776  -5753  -5824  -5447  -4202  -2642 
 -4056  -4463  -4211  -4563  -4047  -4136  -3843  -3858  -4418  -4682  -4601  -3676  -2539  -3290  -3483  -3164 
 -3270  -2999  -2914  -2679  -2551  -2967  -3242  -3527  -3374  -2327  -2687  -2265  -2000  -1999  -2005  -1445 
 -1484   -998   -432   -533   -811   -632  -2373  -2963  -2454  -2548  -2749  -2749  -2457  -1773  -1827  -1128 
 -1164    -59   -312  -2504  -3012  -3229  -3484  -2975  -3022  -3305  -3024  -2376  -2098  -1903  -1059  -1262 
 -3344  -4265  -4517  -4039  -4355  -4841  -4971  -4440  -3935  -3465  -3691  -3145  -2895  -3693  -4256  -4776 
 -4610  -4584  -5069  -5050  -4498  -4033  -3887  -4147  -3576  -2552  -3695  -4147  -4456  -5281  -6043  -6139 
 -6968  -7003  -6364  -5825  -4608  -4651  -2741  -3780  -5473  -4925  -4841  -5288  -5587  -6649  -7827  -7163 
 -8012  -7899  -6081  -3186  -3322  -5242  -5550  -5183  -6000  -6673  -6785  -8147  -8728  -9512  -8789  -8012 
 -4485  -3295  -5908  -4533  -4064  -5004  -6203  -5693  -5790  -8996 -11399 -11337  -8539  -4315  -2486  -4801 
 -4719  -4237  -4148  -4456  -4394  -4428  -8381  -9969 -10588  -7814  -3300  -2328  -3652  -3467  -3694  -4199 
 -4602  -4910  -4145  -5112  -5806  -5231  -3920  -2128  -1736  -2829  -2356  -2398  -2999  -3165  -3478  -3145 
 -3275  -3050  -2813  -2826  -1871  -1600  -2433  -2186  -2308  -2539  -2778  -2718  -2606  -2606  -2431  -2389 
 -2497  -1622     23    291    384    235     82    -75    292     72   -169   -351   -385   -299   -315    116 
   593    395    199    169   -158    278     72   -191   -375   -573   -503   -589     -2    475    579    307 
   392      0    364    304    196     26   -426   -307   -416     98    468    508    221    241     -3    346 
   322    128    116   -143   -162   -431   -125    302    494    219    154    106    369    567    422     53 
   -30   -201   -283    -20    502    340    358    394    123    259    489    375      7   -299   -273   -427 
    38    123    474    236    159    146    163     98    172   -148   -530   -482   -465    399    453    460 
   134    -17     19     32     94    318   -479   -968   -735   -405    320    821    817    453    278    267 
   241     26   -190   -249   -690   -516   -311    305    729    574    285      0    -80    -88   -187   -281 
  -145   -269   -241   -347    297    836    695    527    284    -26    -77    -62   -436   -211   -316   -480 
  -416    109    747    733    507    260    -23      0     -8   -488   -571   -365   -495   -458    213    648 
   725    683    484    190    181    133   -276   -457   -215    -83   -177    190    466    548    569    464 
   497    527    449    333    265    335    357    134    327    549    619    622    593    647    665    505 
   266    356    313    208     17    265    628    666    596    472    517    537    512    385    519    677 
   481    117    226    417    537    526    453    372    493    652    497    521    571    435    160    -83 
    84    311    546    427    373    570    562    545    334    191    307    166   -229    -25    -24    201 
   191     27    -39    -66    -32    324   -178    100   -162   -300   -335    -74    -81    318    167     85 
   184    130    323    -10   -103   -295   -410   -362   -264   -578   -282   -145   -100    308    269    316 
   224    185   -400   -398   -388   -285   -472   -540   -416   -526   -731   -447   -200   -103   -245   -692 
  -515   -420   -376   -274   -224   -289   -440   -680   -820   -525   -883   -727   -851   -734   -719   -741 
  -572   -458   -429   -406   -544   -419   -477   -682   -715   -941  -1204  -1270  -1211  -1146  -1066   -955 
  -925   -868   -973  -1115  -1169  -1160  -1094   -944  -1170  -1032   -883   -824   -784   -802   -749   -850 
  -897  -1052  -1138   -970   -203   -211   -206   -186   -166   -158   -169   -136   -169   -196   -232   -236 
  -212   -188   -197   -180   -134    -93    -68    -54    -51    -89   -179   -220   -216   -201   -198   -194 
  -191   -151   -117    -78    -78    -79   -122   -207   -224   -185   -224   -180   -176   -172   -149   -146 
  -110    -96   -122   -130   -187   -234   -231   -234   -165   -188   -177   -150   -106   -108   -163   -171 
  -181   -204   -213   -244   -222   -235   -194   -192   -178   -106    -76   -116    -63   -121   -175   -192 
  -226   -206   -217   -143   -180   -180   -160   -105    -61    -27   -130   -196   -154   -210   -151   -112 
  -123   -118    -91    -63    -28     29     -1    -60   -193   -174   -210   -162   -159   -168   -214   -184 
  -104    -19    -17      7   -105   -227   -202   -178   -156   -214   -235   -249   -187    -73     -1     34 
    44   -143   -202   -240   -227   -187   -215   -240   -230   -141    -30     77     61     79    -70   -173 
  -263   -268   -179   -158   -158   -181    -87      2     83     80     74     -4    -67   -166   -190   -160 
  -149   -151   -148    -74      6     39     32     23    -32   -102   -158   -160   -152   -163   -136   -128 
  -126   -152   -169   -179   -142   -163   -150   -133    -98   -119   -192   -163   -229   -272   -264   -296 
  -319   -252   -229   -249   -246   -190   -197   -191   -196   -265   -304   -297   -299   -296   -251   -227 
  -262   -278   -217   -209   -185   -170   -237   -254   -261   -299   -332   -208   -194   -223   -200   -123 
  -133   -205   -181   -284   -337   -288   -301   -293   -251   -243   -229   -193   -164   -146   -189   -130 
  -207   -283   -271   -214   -242   -178   -168   -156    -47    -90   -165   -148   -104   -228   -231   -145 
   -86   -176   -133   -124   -179   -160   -119   -127   -159    -61   -199   -296   -225   -133   -248   -210 
  -248   -244   -223   -229   -162   -242   -169   -211   -308   -280   -249   -250   -234   -389   -236   -297 
  -292   -159   -196   -174   -166   -216   -243   -240   -224   -260   -406   -289   -314   -252   -141   -243 
  -248   -270   -309   -380   -373   -355   -345   -319   -264   -252   -234   -188   -269   -357   -386   -427 
  -455   -492   -492   -495   -448   -403   -354   -304   -223   -171   -199   -219   -252   -274   -309   -299 
  -293   -262   -246   -209   -166   -144  -9562 -10197 -10554 -10370  -9851  -9677  -9266  -8336  -8064  -8309 
 -9239  -9047  -9524  -9496 -10458 -10119  -9889  -9268  -9192  -8166  -7340  -6924  -6814  -8972  -8982  -9548 
 -8991 -10290 -10156  -9740  -9570  -9286  -9844  -9549  -8767  -8533  -9479  -9165  -9476  -8457  -9001  -8661 
 -9495  -9317  -8767  -8943  -9605  -8902  -8122  -7798  -8231  -8624  -8071  -8543  -8814  -9279  -8455  -8442 
 -8444  -8907  -7911  -7470  -6900  -7567  -8417  -8111  -7294  -7402  -8940  -8245  -7265  -7915  -9253  -8783 
 -7182  -5733  -7175  -7775  -8015  -6652  -7244  -7755  -6327  -5720  -7094  -7271  -6383  -6427  -5773  -8401 
 -8158  -7353  -6319  -6935  -7426  -6687  -6170  -7156  -8735  -8435  -8171  -7235  -9950  -9142  -8846  -8692 
 -8754  -9018  -8286  -7091  -6327  -6759  -8060  -6823  -6924 -10062  -9087  -9012  -9632  -8568  -8540  -7519 
 -6793  -6895  -7468  -9150  -7967  -7947  -9576  -9673  -9287  -9624  -8959  -8335  -6683  -5349  -5378  -6322 
 -8445  -9599  -9656 -10678  -9800  -9107  -9562  -8830  -8356  -7402  -6344  -6345  -6447  -8072  -9196  -9340 
-10187  -9946  -9892 -10493 -10432  -9716  -9127  -7853  -7752  -7498  -8928  -9912 -10396 -10565 -10284  -3796 
 -4017  -4813  -4577  -4335  -3815  -3845  -3891  -4047  -3707  -3734  -3445  -3374  -4211  -5144  -5650  -5225 
 -4746  -3643  -3333  -3065  -3351  -3626  -4689  -4232  -3976  -4056  -5606  -6169  -5754  -5319  -4170  -3862 
 -3690  -3472  -3296  -3658  -3059  -3193  -3116  -4558  -4950  -5280  -5261  -4191  -3772  -3442  -3409  -3314 
 -3256  -2693  -2677  -3068  -3828  -4633  -5553  -4411  -4219  -3810  -3755  -3911  -3906  -3475  -2597  -2246 
 -3028  -3101  -3478  -4137  -3072  -2404  -2341  -2391  -2507  -3301  -3568  -2705  -2215  -3349  -2688  -3635 
 -3698  -2599  -1631  -2498  -3217  -2636  -1990  -1318  -1883  -2535  -2651  -2388  -2949  -3921  -3268  -2261 
 -1405   -602  -2409  -4109  -3780  -3232  -2815  -3477  -4348  -5685  -4740  -3950  -3103  -2503  -2857  -5886 
 -6687  -6094  -5866  -3687  -3032  -3240  -4418  -3568  -2983  -1920  -2061  -3795  -6479  -8622  -8350  -7199 
 -4172  -1984  -1737  -2627  -2375  -1940   -905  -1282  -1675  -2596  -4687  -4692  -3556  -3347  -1979  -1728 
 -2208  -1939  -1800   -970   -626  -1132  -1180  -2156  -2448  -1832  -2508  -2736  -2532  -2729  -2319  -2089 
 -1636  -1514  -1472  -1437  -1690  -2094  -1831  -2678  -3670  -3648  -3502  -3398  -3638  -3186  -2768  -2653 
 -2213  -2242  -2441  -2305  -2507  -3776  -3777  -3707  -3631  -3847  -3832  -3661  -3167  -2322  -2129  -2771 
 -2750  -2636  -3468  -3927  -4196  -4030  -5019  -4902  -5075  -4217  -3210  -2424  -2165  -2660  -2720  -3289 
 -3159  -3910  -4449  -6111  -6445  -6397  -4636  -4307  -3575  -2941  -3592  -3397  -3214  -2890  -3717  -4918 
 -5415  -5202  -5272  -4530  -5014  -4807  -3983  -4847  -3918  -3326  -3306  -4153  -5324  -5840  -4050  -4253 
 -4579  -5133  -5257  -5242  -4986  -3294  -3992  -3088  -4128  -4823  -4306  -3622  -3971  -4364  -4547  -5153 
 -4487  -4287  -2500  -3011  -3113  -3651  -4774  -3831  -3346  -2416  -1434  -2261  -2824  -3264  -1599   -840 
 -3064  -3635  -5526  -5182  -4879  -4922  -3349   -950    312    840   1070   -146   -595  -2332  -2763  -3288 
 -3232  -4005  -3396  -1855    136   1856   3332   3230   1483   -810  -1737  -2840  -3148  -2789  -3387  -2794 
 -2402  -1652   -964   -120   -140   -535  -1486  -1832  -3116  -3810  -3715  -4005  -3629  -3420  -3391  -3603 
 -3414  -3459  -3029  -2670  -1873  -2526  -3042  -3104  -3211  -3252  -2987  -2679  -2761  -2625  -2726  -2557 
 -2292  -5264  -5467  -5619  -4637  -4375  -4597  -4120  -4527  -4356  -4767  -4750  -4276  -3875  -5386  -5963 
 -5965  -4588  -4098  -5080  -4787  -5221  -3968  -4021  -4351  -4231  -3911  -5732  -7187  -6287  -4427  -3330 
 -4206  -4868  -4984  -4120  -3898  -3814  -3953  -3808  -5695  -6894  -6455  -6003  -6072  -6883  -6822  -5794 
 -5134  -4457  -4437  -5016  -4696  -5378  -5704  -6024  -7079  -6429  -6827  -6846  -6444  -6056  -4843  -4001 
 -4402  -4660  -5391  -5046  -6023  -7437  -6764  -5702  -6716  -8145  -7689  -7184  -5451  -5450  -4539  -4812 
 -3283  -4872  -4734  -5469  -5620  -5733  -6575  -6939  -7189  -5589  -5192  -3643  -4109  -4574  -3700  -3477 
 -4637  -5393  -6010  -7781  -9287 -11543  -9425  -6505  -4241  -3269  -3357  -3900  -3488  -3799  -4349  -4976 
 -5960  -8460  -9972  -9146  -7079  -4483  -4029  -3164  -3462  -3367  -3590  -4028  -4938  -6305  -9951 -11571 
-10827  -7844  -4648  -3436  -3141  -4060  -4193  -3793  -3950  -4361  -4159  -6344  -7286  -6103  -4388  -3570 
 -3827  -3805  -4224  -4469  -4795  -4864  -4940  -4596  -4707  -4533  -4329  -3798  -3605  -3910  -3918  -3742 
 -3604  -3198  -3219  -3327  -3151  -3067  -3195  -3241  -3306  -3578  -1391   -720   -517   -133   -386   -265 
  -177    162   -191   -614   -491  -1010  -1060   -159    145   -311   -118   -308   -681     74    970    825 
   454    914    243    155    423   1108    507    284    393    178    311    489    454    313    390     83 
  -276   1229   1617    904    155   -565   -945  -1035   -753     36      8    -56   -385   -277    423   1610 
   451   -625  -1207  -1536  -1242  -1435  -1390   -683   -482    199   -194   -142   1261    971    339    245 
   186  -1067  -1012   -743   -895   -773   -184   -269    117    914    901    749    777    -38    178  -1685 
  -505    118   -146    140   -319   -151   -322   1343    448    602   -369   -214   -664  -1000  -2270  -2063 
     8    241     55    120   1282    429    662   -583   -461  -1250  -3096  -2803  -2745   -839   -135   -971 
  -526    -23    486    829   -265   -725  -1433  -4019  -5123  -4619  -1232   -188  -1286  -1561  -1225   -643 
  -366  -1267  -1499  -1357  -2274  -2282  -2116   -892   -683  -1432  -2203  -2056  -1365  -1352  -1229  -1516 
 -1726  -1785  -1696  -2359  -1594  -1241  -1601  -1441  -1338  -1198   -908   -798   -777   -757  -1145  -1383 
 -1749  -1608  -1480  -3121  -2581  -2640  -2598  -2768  -3104  -3232  -2799  -2762  -3022  -3168  -2706  -3322 
 -3927  -3430  -3894  -3691  -3445  -4166  -4374  -3818  -3211  -3205  -4220  -3785  -4153  -4769  -4832  -5159 
 -4320  -4162  -4471  -5188  -4894  -4045  -3541  -3835  -3882  -3950  -5216  -5325  -5619  -4869  -5019  -5887 
 -6638  -5878  -5561  -4384  -4472  -4234  -4371  -5540  -5468  -6426  -6299  -6064  -7005  -7828  -6936  -6376 
 -4922  -4890  -5308  -5152  -5659  -5537  -6477  -7708  -7318  -5724  -5422  -5819  -5414  -5944  -5223  -6247 
 -5212  -5136  -4718  -6015  -7234  -5673  -4727  -5688  -5549  -4829  -5716  -5290  -6008  -5556  -5099  -4774 
 -5413  -6803  -5866  -5428  -6021  -7488  -8395  -8939  -7903  -8775  -6603  -5511  -5196  -4402  -4921  -5940 
 -5874  -6240  -7187 -10259  -9477  -8832  -8826  -6844  -4463  -4589  -3144  -2678  -3644  -3903  -5948  -7589 
-11837 -13517 -12495  -9767  -6394  -3840  -4016  -3740  -3495  -4153  -4508  -5547  -5417  -6951  -8097  -7139 
 -5596  -4832  -3878  -4104  -4042  -3805  -4325  -4222  -4549  -4390  -4339  -4527  -4594  -4264  -3746  -3394 
 -3074  -2673  -2342  -2448  -2559  -2542  -2176  -1904  -1992  -2298  -2552  -3026  -3044  -2689  -2870  -3084 
 -3360  -2540  -2295  -1462  -1795  -1874  -2247  -1824  -2540  -2578  -2813  -2475  -2130  -1692  -1381  -1702 
 -1221  -1909  -2131  -2695  -1865  -2453  -2972  -2948  -2764  -1396   -480   -191    -61   -236   -159  -1124 
 -2017  -1349  -2066  -2478  -2324  -1541    276   1417   1236    883    -46     61    273   -634   -943  -2644 
 -3064  -2281  -1799    -92    967    417   -232     32     35    443   -399   -372  -1855  -2637  -1553  -1254 
  -989      0   -618  -1226  -2671  -2722  -1047   -371   -535  -2046  -2709  -1683  -2983  -2259  -1858  -2098 
 -3477  -3274  -2903  -1677  -1532  -1477  -2330  -3165  -2783  -3735  -4378  -4814  -3897  -3870  -3608  -3609 
 -2632  -2300  -2651  -3281  -3955  -4903  -5342  -5513  -5712  -4993  -4166  -4656  -5141  -4370  -4111  -4557 
 -3529  -3108  -3858  -4599  -4887  -4891  -4688  -4664  -5811  -7180  -8018  -7814  -6376  -4103  -3288  -3667 
 -4279  -4400  -5186  -5238  -5591  -5281  -5355  -6135  -6496  -4847  -3825  -3067  -3440  -4016  -3833  -4406 
 -4227  -4359  -4363  -4470  -4805  -5010  -4054  -3447  -3293  -3437  -3924  -3717  -3579  -3472  -3372  -3187 
 -3350  -3767  -3936  -3513  -3392  -1417  -1464  -2071  -2033  -2173  -1635  -2262  -2383  -2407  -2327  -2495 
 -2116  -2179  -1427  -2138  -3108  -3178  -3020  -1972  -2479  -2407  -3044  -2959  -3593  -2961  -2352  -1891 
 -2759  -3742  -3812  -4275  -3443  -3721  -3745  -3626  -2843  -2184  -1929  -1605  -2325  -3894  -4518  -5198 
 -6582  -5552  -4918  -4323  -4213  -3418  -2942  -2737  -2133  -3392  -3971  -4785  -6107  -6223  -6058  -5360 
 -5118  -5243  -4839  -4340  -4084  -2393  -3963  -3775  -5627  -6374  -5929  -4549  -5175  -4809  -5039  -5132 
 -5493  -6074  -3331  -3343  -3267  -5710  -5185  -3169  -1348  -2341  -2107  -1887  -1921  -2809  -5097  -3602 
 -2447  -1600  -3711  -4019  -2826  -1255   -936   -243   -610    263    124  -3219  -2913  -1866  -2787  -4436 
 -3151  -2362  -1233  -1568  -1254  -2709  -2599  -2653  -4128  -2952  -1814  -1866  -2659  -1746   -636   -201 
  -517  -1946  -3960  -4975  -4863  -4189  -2417   -734   -734  -1484   -901   -652   -142   -166   -367   -758 
 -2066  -2294  -1568  -1737  -1171  -1649  -1854  -1266  -1135  -1046  -1105  -1191  -1034  -1379  -1437  -1190 
 -1464  -1232   -912  -1590  -1409  -1454  -1269  -1258  -1136  -1299  -1446  -1364   -947  -1113  -3266  -3783 
 -3421  -3440  -2988  -3193  -2944  -2481  -2327  -2376  -2464  -2557  -2415  -3246  -3855  -4166  -4877  -4185 
 -4580  -4818  -4335  -3298  -2690  -3278  -2942  -2683  -3078  -4344  -4844  -4781  -4534  -4443  -5202  -5285 
 -3750  -3083  -3538  -3368  -3089  -3268  -4666  -5776  -5619  -6280  -6507  -7403  -6639  -5432  -4419  -4768 
 -4129  -3418  -2752  -3268  -4368  -4503  -5342  -5637  -7178  -6888  -6535  -5726  -5022  -4160  -3075  -3160 
 -3642  -5183  -6091  -6501  -6259  -6229  -6433  -6470  -7525  -6576  -5566  -3713  -3251  -3912  -5601  -5528 
 -5019  -5644  -5317  -5304  -4926  -6393  -6194  -5811  -4081  -4220  -6036  -6580  -6424  -6008  -6275  -5292 
 -5815  -6392  -9388  -8858  -7676  -4456  -4040  -5217  -4877  -5111  -6141  -6699  -6191  -5793  -6759  -7610 
 -6789  -7216  -4127  -3885  -4472  -4190  -3886  -4953  -5491  -5926  -5104  -6056  -6195  -5902  -5434  -2831 
 -3120  -4070  -4269  -4542  -5262  -5723  -6146  -5141  -5064  -4940  -3950  -3197  -2248  -2887  -3374  -3579 
 -4120  -4803  -4934  -5156  -4524  -3973  -3414  -2670  -2608  -1955  -2390  -2637  -2317  -2426  -2590  -3048 
 -3337  -3250  -3133  -2911  -2524  -2534  -2208  -2281  -2283  -1639  -1584  -1696  -1804  -1893  -2246  -2131 
 -1896  -1951  -2442  -2596  -2084  -1890  -1752  -2085  -2274  -2853  -2830  -2832  -2705  -2258  -2614  -2750 
 -2539  -2616  -3159  -2757  -2731  -3008  -3384  -4307  -4237  -3415  -2560  -1899  -2006  -2056  -3233  -3839 
 -2855  -3076  -3804  -3553  -4521  -3904  -3370  -3058  -2403  -2508  -2231  -2854  -3329  -3316  -4161  -4305 
 -4551  -4798  -4459  -3878  -3856  -3501  -3577  -3115  -2963  -3301  -3682  -4909  -4714  -3645  -4469  -4096 
 -3456  -4051  -3518  -3327  -3218  -3574  -3005  -3998  -4304  -3660  -2837  -3675  -4344  -4031  -3248  -2254 
 -3712  -3099  -2825  -3043  -4374  -5636  -4875  -4378  -3849  -4037  -4140  -3938  -3359  -4056  -3027  -3773 
 -5213  -3924  -3665  -4318  -4994  -4338  -4615  -5616  -5162  -5387  -4674  -2777  -2196  -3133  -2779  -2567 
 -3570  -3955  -3922  -4418  -6732  -7030  -6089  -4021  -2313  -1644  -2388  -2514  -2710  -3852  -4468  -4515 
 -3635  -3656  -3102  -2723  -1453  -1668  -1593  -2160  -1630  -2285  -3146  -3493  -3658  -2886  -2387  -1639 
 -1452  -1308  -1378  -1793  -1991  -1454  -1891  -2364  -2546  -2521  -2431  -2340  -2004  -1761  -1556  -1519 
 -3949  -4083  -4190  -3775  -3635  -3846  -3497  -3898  -3657  -3864  -3547  -3218  -2767  -4583  -5591  -5526 
 -5110  -4874  -5496  -5378  -5222  -4687  -4341  -4631  -4151  -3090  -4664  -6129  -6094  -5664  -5431  -5754 
 -6526  -5923  -4856  -3917  -3585  -3784  -2948  -4623  -6620  -6723  -6964  -7475  -8072  -7811  -6460  -5560 
 -4872  -4447  -4547  -3277  -4134  -5432  -6481  -6867  -6380  -6229  -5722  -5643  -5569  -5083  -4711  -4706 
 -3447  -3765  -4439  -5140  -6821  -5926  -5259  -4819  -5270  -5152  -5151  -4703  -4127  -3525  -4012  -3772 
 -4170  -5226  -4996  -4878  -5125  -5574  -5205  -5861  -4436  -4806  -3357  -4104  -4982  -4017  -4367  -4788 
 -5390  -5630  -5858  -6280  -8471  -7565  -6656  -4157  -4621  -5548  -5372  -4467  -4767  -4942  -5545  -5577 
 -7349  -6876  -6230  -7125  -4622  -4179  -4631  -4380  -4096  -4455  -4483  -5402  -6247  -9049  -8966  -8667 
 -7398  -4266  -3080  -3551  -3832  -3947  -4253  -4062  -4449  -4425  -5922  -5847  -5579  -4313  -3426  -3519 
 -4277  -4541  -4567  -4935  -4983  -5134  -4878  -4926  -4872  -4919  -4370  -3388  -3227  -3667  -3696  -3652 
 -3517  -3426  -3514  -3462  -3824  -3992  -4059  -3935  -3319  -3619  -3386  -3906  -4123  -3947  -3768  -3853 
 -3482  -2844  -2554  -3026  -2862  -3303  -4329  -4256  -5018  -4811  -3975  -4277  -4753  -3748  -3268  -2714 
 -3918  -3786  -3798  -5120  -5346  -5894  -5025  -4787  -5022  -5863  -5322  -3973  -3146  -3221  -2904  -3465 
 -4709  -5059  -5191  -4088  -3726  -4588  -5660  -5605  -4423  -3688  -3111  -3172  -3603  -3317  -2898  -3759 
 -3729  -3189  -3997  -5616  -6323  -6068  -5261  -4429  -4412  -3584  -3217  -2883  -4423  -4398  -3431  -3446 
 -4265  -5468  -5665  -4723  -4986  -4682  -3287  -3721  -4028  -5934  -5814  -4725  -3840  -2291  -3192  -3155 
 -2831  -3174  -4206  -3764  -3365  -3937  -5661  -6309  -4555  -4114  -3243  -2933  -2939  -2492  -3777  -4318 
 -2718  -3251  -3220  -3228  -4028  -4302  -4161  -3221  -2273  -2807  -1375  -2072  -2739  -2722  -1922  -1865 
 -1984  -2717  -3007  -2241  -2054  -2122  -3095  -3295  -3528  -2770  -2141  -1513   -993   -227  -1010  -1348 
  -697  -1112  -1044  -1866  -1849  -2061  -1970  -2293  -1154  -1069   -451  -1338  -1386  -1051  -1630  -1520 
 -1615  -1344  -1185  -1431  -1929  -2752  -2610  -2049  -2082  -2063  -1583  -1681  -1573  -2236  -2714  -2585 
 -2609  -2441  -3513  -4212  -3961  -3890  -3701  -3543  -3155  -3297  -3321  -3798  -3438  -3147  -2531  -3165 
 -4068  -4458  -4487  -4131  -4436  -4644  -4326  -3083  -2743  -3203  -3226  -2814  -3034  -4695  -5189  -4488 
 -4482  -4833  -5874  -5478  -3892  -2802  -3021  -3831  -3133  -2648  -4701  -5336  -4924  -5548  -5995  -6543 
 -5868  -4999  -4155  -4490  -4843  -3817  -2524  -3997  -4997  -4817  -5063  -5127  -5597  -5070  -4989  -4450 
 -4289  -4308  -3300  -2663  -3825  -4457  -5302  -5126  -4241  -4122  -5042  -5137  -5422  -5634  -4884  -3382 
 -3408  -3056  -4487  -3689  -4346  -4465  -5107  -4621  -4913  -5403  -4725  -5702  -3082  -3759  -4118  -4222 
 -3957  -4559  -4915  -4635  -5155  -6645  -8208  -6774  -6553  -3161  -3529  -4789  -4596  -4055  -4447  -4986 
 -5031  -4653  -5695  -6821  -6476  -6110  -2925  -3432  -3642  -3081  -2590  -3521  -3823  -4112  -4512  -6409 
 -6513  -6393  -5258  -2464  -2131  -2610  -2775  -2858  -3914  -4076  -4142  -3935  -5411  -5211  -4933  -3592 
 -1983  -2419  -3224  -3951  -4174  -4727  -4700  -4501  -3766  -3618  -3142  -3281  -2872  -2021  -2073  -2534 
 -2783  -2787  -2755  -3011  -3044  -2828  -2902  -2821  -2614  -2461  -2041  -3499  -3790  -3822  -3340  -3435 
 -3330  -3017  -3239  -3534  -3957  -3691  -3501  -2750  -3324  -4973  -4500  -3922  -3739  -3956  -4200  -4231 
 -4204  -4322  -4548  -4246  -2951  -3798  -5721  -5316  -4244  -3546  -3332  -3658  -3534  -2900  -2606  -2586 
 -2914  -2345  -2979  -4954  -4252  -4644  -4447  -4151  -3732  -3071  -2726  -2173  -2123  -3190  -2638  -2654 
 -3358  -3255  -3909  -3163  -3505  -3376  -3377  -3356  -2463  -1883  -2382  -2244  -2750  -2929  -3109  -4447 
 -3757  -3669  -4181  -5689  -5104  -3138  -2917  -3438  -2917  -3002  -1996  -3147  -4101  -3699  -4189  -5090 
 -6758  -6282  -5179  -3735  -4440  -2811  -2866  -2257  -2524  -3323  -2481  -3931  -3975  -5752  -6632  -6594 
 -4950  -4403  -2316  -2116  -1923  -2662  -3045  -3237  -4198  -4559  -5690  -7570  -6922  -5547  -3912  -2590 
 -2812  -3122  -2703  -3112  -3719  -4398  -4453  -5515  -7578  -7517  -6943  -4135  -2996  -2802  -3184  -3946 
 -4148  -4631  -5013  -4918  -3693  -3473  -3372  -3226  -2513  -2372  -3256  -4096  -4697  -4706  -5355  -5476 
 -5328  -4592  -4477  -3933  -4065  -3522  -2764  -2506  -2934  -3139  -3197  -3165  -3599  -3636  -3218  -3362 
 -3297  -3045  -2761  -2691  -3931  -4092  -4388  -4419  -4608  -4122  -3665  -3719  -3548  -3757  -3973  -3556 
 -3940  -4191  -4823  -5044  -5137  -5065  -4762  -4497  -4234  -3910  -3828  -5042  -4693  -4335  -4342  -5286 
 -5404  -5417  -6107  -5526  -5658  -4586  -4583  -4159  -3703  -3767  -3243  -4289  -5316  -4525  -4916  -5927 
 -5565  -5503  -4594  -4655  -4043  -4187  -4572  -3620  -4278  -4743  -4654  -5401  -5349  -5102  -4805  -4597 
 -4293  -3870  -3786  -4344  -3473  -4020  -3723  -4176  -4925  -4779  -2818  -2883  -3607  -3624  -3402  -4042 
 -4751  -3770  -4322  -3151  -4078  -3286  -2774  -1964  -2890  -3525  -3479  -2861  -2911  -4226  -3250  -3753 
 -3459  -3277  -2858  -2209  -1268  -2127  -2234  -2843  -2536  -3112  -3979  -4201  -3455  -3745  -3949  -2937 
 -2825  -2195  -1904  -2922  -3621  -3687  -3736  -3906  -4363  -3561  -3941  -4147  -3373  -3232  -2513  -2709 
 -4028  -5264  -5825  -5121  -4330  -4412  -3021  -3899  -4580  -4177  -4169  -3747  -3606  -3116  -2706  -2680 
 -2809  -3546  -3801  -3467  -4362  -4700  -4654  -5072  -4925  -4933  -4408  -4415  -4648  -4683  -4031  -3426 
 -3081  -3106  -3352  -3473  -3536  -3447  -3261  -2985  -2920  -3058  -3289  -3268  -3377  -1386  -2322  -2499 
 -2462  -2241  -2193  -1905  -2290  -1673  -1604  -1266  -1185   -622  -2620  -4250  -4459  -4312  -4250  -4295 
 -3961  -3992  -3256  -3047  -2927  -2594  -1531  -2367  -4224  -4223  -4351  -3866  -4091  -3841  -3883  -3319 
 -2962  -2633  -2460  -1399  -2326  -3830  -3486  -3559  -3562  -4493  -4764  -3676  -3514  -3472  -3348  -3113 
 -2141  -1926  -3181  -3138  -3308  -3160  -2840  -2537  -2136  -2069  -2285  -2275  -2778  -2214  -1033  -1966 
 -2341  -2619  -3215  -1624  -1170   -676  -1395  -2524  -2536  -2484  -1799  -1146  -1767  -1109  -1171  -1840 
 -1896   -442   -105   -532  -2632  -2639  -1919  -1570   -493  -1890   -581  -1513  -1816  -2601   -998   -735 
 -1430  -3944  -3488  -1696  -1538   -649  -1749   -423   -436   -805  -2001  -1658  -1479  -2156  -4155  -5185 
 -2427  -1077   -726  -1638  -1607  -1612  -2186  -2876  -2107  -2212  -3038  -3068  -3673  -1995   -885   -489 
 -1087  -1696  -2235  -3052  -3979  -3605  -3135  -3263  -2409  -1700   -868   -412   -636   -919  -1301  -2054 
 -3281  -3682  -3279  -2365  -1906  -1439  -1037   -824   -257   -703   -767   -899  -1124  -1752  -2426  -2396 
 -2079  -1907  -1573  -1354  -1451   -840  -3035  -3566  -3584  -3149  -3163  -3274  -2894  -3514  -3050  -3281 
 -2725  -2594  -2052  -3025  -3792  -4138  -3206  -3587  -4506  -3586  -3701  -2726  -2682  -2282  -2227  -1818 
 -2614  -3446  -4022  -3158  -3737  -4177  -4678  -4288  -3367  -2918  -2143  -2214  -1810  -2332  -3077  -3411 
 -3358  -4364  -5831  -6479  -5794  -4433  -3319  -3008  -2589  -2001  -2434  -3617  -4368  -5316  -5014  -5672 
 -5566  -6003  -5972  -4787  -4256  -3385  -2487  -2546  -3531  -4105  -4890  -4960  -4049  -5497  -6451  -6270 
 -6187  -5423  -4163  -2454  -3399  -4480  -4604  -4320  -4620  -5659  -5796  -7091  -5945  -6147  -5323  -4754 
 -2797  -4086  -5565  -4598  -5545  -5503  -5704  -6053  -7028  -7048  -8369  -6579  -5614  -3462  -2963  -4210 
 -4951  -4650  -5568  -5492  -6191  -6751  -8707  -8844  -7924  -7183  -3563  -1984  -3239  -3347  -3003  -4082 
 -5029  -6063  -6367  -9442 -10377  -9941  -6349  -2637  -1643  -3267  -3159  -3656  -4738  -5661  -6134  -5073 
 -5452  -5754  -4605  -3055  -1964  -2467  -3920  -3874  -3808  -4849  -5178  -5491  -4531  -4829  -4512  -4067 
 -3468  -2341  -1788  -2651  -2431  -2592  -2850  -3056  -3075  -2661  -2915  -2755  -2616  -2570  -1940  -3028 
 -2875  -3216  -2494  -2612  -2758  -2467  -2662  -2598  -3338  -2771  -2732  -2734  -2222  -3102  -3507  -2881 
 -3127  -3602  -3406  -3250  -2749  -2700  -2742  -2282  -2529  -2136  -3090  -3510  -3229  -3401  -3498  -3945 
 -3349  -2963  -2507  -2477  -2627  -2948  -2411  -3796  -4890  -5245  -5651  -5686  -5402  -3933  -3784  -3585 
 -3739  -4058  -3804  -2022  -3229  -4549  -4456  -4312  -4140  -4013  -3369  -3890  -3799  -3983  -4044  -3333 
 -2407  -4120  -4790  -5677  -5526  -5879  -6156  -5660  -5263  -3943  -4165  -4252  -3151  -4166  -4411  -5905 
 -5715  -5441  -5346  -6792  -6208  -6946  -7300  -6835  -6764  -3647  -4461  -4508  -4587  -5241  -4888  -5166 
 -5775  -5299  -6960  -9511  -8618  -8308  -4630  -3872  -4249  -3474  -4075  -5240  -6313  -5863  -5622  -6119 
 -8335  -7465  -7784  -4189  -3628  -3832  -3202  -3521  -4082  -4576  -4180  -4400  -4565  -4630  -4899  -5252 
 -3105  -2666  -3409  -3622  -3550  -3609  -3650  -3877  -3821  -4488  -3489  -3512  -3060  -2501  -2630  -3573 
 -4240  -4137  -4482  -4521  -4391  -4333  -4041  -3292  -3401  -2846  -2370  -2313  -2825  -3032  -2848  -2799 
 -2839  -2817  -2841  -2613  -2136  -2297  -2041  -2280  -2928  -3314  -3479  -3208  -2569  -2559  -2789  -2997 
 -3401  -3566  -3424  -3557  -3576  -3415  -4476  -3941  -3175  -2843  -3393  -4099  -4136  -3996  -3646  -4381 
 -3892  -3763  -3734  -5261  -4420  -3751  -3907  -4349  -5637  -5232  -4445  -3678  -4098  -4424  -4016  -3861 
 -5352  -4533  -4075  -4070  -4928  -5866  -6048  -5305  -4251  -4412  -4463  -3808  -4153  -5822  -6067  -6239 
 -5999  -6407  -6358  -6894  -6203  -5495  -5345  -4866  -3959  -3999  -5434  -6074  -7159  -6875  -6030  -4992 
 -4966  -4441  -4597  -5399  -4735  -4092  -3155  -3798  -4910  -5125  -4364  -4044  -3119  -4023  -3946  -3274 
 -3764  -5180  -4463  -2456  -3852  -3388  -4457  -4419  -4236  -3575  -4449  -4760  -5066  -4573  -5269  -4277 
 -3275  -4079  -3794  -3170  -3622  -4126  -4273  -4690  -5429  -5794  -4602  -4394  -3533  -2467  -2920  -2639 
 -2582  -3119  -3336  -3866  -4028  -5532  -5623  -4452  -2956  -2292  -1972  -2008  -1589  -1843  -2811  -2949 
 -3334  -2662  -4099  -3655  -3662  -2321  -2020  -2259  -2679  -2306  -1997  -2119  -2300  -2721  -2258  -2359 
 -1721  -1745  -1188  -1622  -2849  -3143  -2889  -2495  -2556  -2461  -2511  -2557  -2729  -2759  -2927  -2530 
 -2310   -250   -144   -165   -369   -348   -863   -510   -597   -380   -838   -531   -328   -314    130   -413 
  -234   -444   -447   -709   -758   -604   -713   -598   -873  -1032     63   -283   -389   -106   -228   -687 
  -383   -484     68   -555   -389    116   -425    669   -789  -1409  -1825  -2579  -3168  -3190  -2320  -1489 
 -1053   -955   -526   -472    656   -721   -811  -1759  -2470  -2753  -2815  -1937  -1913  -1854  -1634  -1372 
  -971    365     38  -1037  -1793  -2559  -2171  -2557  -1650  -1849  -1221   -409  -1343  -1438   -161   -361 
  -802  -1000  -1956  -1646  -1439  -1642  -2041   -745   -253   -559   -681   -386  -1168  -1589   -822  -1086 
 -1690  -1577  -1743  -2587  -3581  -3406  -2468  -2185  -1411   -998  -3243  -3446  -2612  -2423  -2094  -2406 
 -3000  -5568  -5570  -4595  -3692  -2384  -1038  -2509  -2901  -2348  -2292  -1603  -1745  -2704  -6187  -7459 
 -7085  -5512  -2787   -991  -2229  -2822  -2988  -3095  -2702  -2636  -1876  -1859  -3443  -3618  -2707  -2162 
 -1409  -2479  -2696  -2742  -3371  -3183  -3156  -2961  -2655  -2986  -3097  -2793  -2175  -1369  -2040  -2394 
 -2468  -2847  -2802  -2585  -2232  -1872  -1929  -2167  -2543  -1982  -1833  -2322  -2529  -2220  -2063  -2424 
 -2295  -2196  -1670  -1439  -1338  -1355  -1442   -941  -1769  -1677   -976   -497  -1504  -1943  -1940  -1774 
 -1477  -1188   -154   -516   -865  -1854  -1845  -1322   -301  -1046  -1474  -2304  -1823  -1962  -2091  -1107 
 -1327  -1824  -2396  -2687  -1811  -1711  -2248  -2434  -3256  -2704  -2466  -2735  -2067  -2039  -2123  -2193 
 -3543  -2877  -2754  -2866  -3086  -2953  -3615  -3419  -3560  -2741  -1804  -2012  -1982  -2999  -3007  -3550 
 -2820  -2362  -1463  -2304  -3196  -3559  -3560  -1736   -896  -1102  -2430  -1828  -1216   -972  -1126   -770 
 -1898  -1607  -1792  -3214  -2234   -275  -1097  -2453  -1999  -1426  -1412  -1511  -2829  -4244  -3897  -4075 
 -4626  -2992   -557   -906  -1463  -1693  -1919  -1516  -2238  -3454  -6144  -4771  -4732  -4967  -3382   -609 
 -1410  -2144  -2606  -2974  -2738  -2770  -2769  -4688  -4709  -5556  -4081  -2296  -1105  -2273  -2552  -2976 
 -3766  -4317  -4317  -3495  -2984  -2931  -2706  -1805  -1460   -776  -1531  -1517  -1620  -2318  -2609  -2968 
 -2754  -2640  -1805  -1741  -1324  -1055   -770   -951   -876  -1055  -1413  -1678  -1763  -1623  -1394  -1128 
 -1201   -959   -808 
