   119     -2    455    568    432   -597    -12    280    337    832   -387   -543    311    283    -63     66 
  1523    203    -73    194    131   1469    334    779   -239   1272   -369     80   -465    155   -610    337 
   244    569    470   -145   -191    572   -108    249     96    901    371      5    115   -133   1065   1711 
   752    314   -642    621   -125    523    326    517    192    340   -158   -548    470   -621   -715    547 
   113   -304   -647   -210   1620   -492    -49    132   -545   -445   1709  -1260    511   -263    307    345 
  1018  -1139    442    124    210    518   -332    540   1136   1035    141   -169    781    312    412    183 
   933   1277    727  -1047   1142   -647    634   -119   -576    147    283     47   1121     65    402   -237 
   400    -79    108  -1106    472   -517     78   -391   -543    652    177   -235   -126   -288   1350    168 
   121    762     66    -64     21  -1796    306    346    256  -1216    312    674    113    276   -202   -609 
   448    134   -576   -302   -475   -113    119    603   -160    606  -1198   -259    538    -30   -313   -358 
  1134    110    -68    276   -167    771    225   -399   -702   -660    642    697   1272   -886    622   -165 
   529    314    337   -186    236    289    273    142    691     18    163   -433  -1118   -537    488    661 
 -1192   -102   1271      6     95    860    762    666    255    360   -768    571    -79  -2524    712    -69 
   207   -278    521   -594   -126    219   1133   -644   -379    429     20   -816   -589    913    875   -178 
    97  -1496   -440    797    -31    436    632    481   -336    106   -366     84    -52   -102    434  -1191 
   460  -1194   -273    950    700    131   -718  -1257   -630  -1073    773    924    380    407   1004    637 
    18    235   1129   -108   -942     31   -228    -19    625    -21   -456   -526   -820   -310     -5    384 
  -947    457   -886  -2019   -286     56   -531   -850   -607   -643     35    -53    118    608    633   -162 
   -12   -528    -87    863    -38    657     97   -928    251   -169    385   -652    415     76    265    141 
  1590  -1517   1543    170   -336   -740    539     24   1229  -1258   1294   -128   1064    340    507   -313 
  -803    459   1197    -12    437   -184   1269   -182    721   1132     68   -994    865    546     87   -779 
   586   -466   -974    -49   -192   -532    873   -234    610    190   1539   -381     91    684    723    203 
   903    718    205    792    768    656   -537   -742    316   -765    205    586     59   1175    764    314 
    30   1225   -984    821   1127     13    507    694   1296   -980   -658    490   -503   -994    114    751 
  -166    -72    -67     44   1287   1233    354    398   1315    150   -216   1731  -1555    337    571   -560 
    73  -1292   -489     82     -6    240   -117   1492   -224    236   -391   -750    807  -2079   1877    275 
  1235   -903    147    774    175     22  -1885   1167    -35   -985    638   -862   -606    -42    648    143 
   168   -435    328    164   1170     86   -726    385    361   -225   -312    191   -367    236  -1689    -57 
  -178   -191    340     -7    371   1389   -587    192    -33   -581    164     -5    -55    676     71  -1004 
  -296    186   -606   -291    735   1097    289   -504   1225    197    -54    678    307    490   1108    294 
  1350     21   1051     41    775    582   1112   -113   -574     67    -25   -378    563    444    144   1063 
   364    142   -594   1437    348    526    229    298    512     19    608  -1527   -115    581   -144    573 
