  -610   -658   -242   -989   -410   -122   -102   -377   -375     27   -400  -1487   -701  -2175    -40    296 
  -836  -1022   -266    -36   -263   -138     16    442  -1539  -1849  -1008     30   -919   -507   -659  -1505 
  -140   -647   -972   -555     74    624    123   -708     73  -1031   -614  -1317   -619      7   -831   -917 
   -76   -615  -1863    -90  -1557   -221   -924   -797  -2166   -165    -14   -304   -718   -203     18   -282 
 -1453   -799   -184   -317   -753  -1166  -1202      2  -2075   -236   -821    -18   -864   -392   -509  -1539 
 -1613   -936  -1515   -912   -155    361   -496    -29   -466   -353   -576   -928     83  -1328   -991   -207 
 -1847   -710    -43  -1289    -88  -1299    149   -468  -1395   -211  -1669    265     66  -1386   -481    228 
   520    389  -1926    311  -1010   -293    311   -988  -1159   -249     68  -1949  -1059      1   -519   -668 
  -293   -289   -638   -519    -23  -1044  -1150   -939   -931  -1130  -1128   -277  -1379   -416  -1945  -1103 
 -1727   -260   -318   -602    535    158   -618  -1252   -411    100     -1  -1563    -99   -610    212   -284 
 -1133    -75   -798   -454  -1757   -803   -789    -24   -352   -556   -309   -714     38  -1427     83    254 
    72  -1454    133   -882   -582   -771   -607   -138  -1982  -1015  -1713   -538     10   -521  -1249   -116 
  -619   -264    -53    101  -1178   -465    -10   -132   -468   -873   -654   -619   -993  -1060   -145   -906 
  -933    127   -245    451  -1046  -1518   -233  -1322  -2244   -220   1008  -1419    -89   -836   -148   -442 
  -153   -975    -90   -574   -203     11   -128   -687   -952   -234    496  -1691  -1693   -471  -1778    -48 
  -426  -1437   -989   -327  -1133   -230    109    -68    -66   -384   -751  -1124    442    -89   -110   -628 
