  -558   -174  -1526   -449  -1345   -263    208   -256   -497   -608   -515     55   -536   -145   -544    498 
  -128   -859   -466   -198   -680   -575   -562  -1568   -894  -1876   -270  -1203  -1904   -414   -180   -552 
 -1063  -1014   -336  -1741   -677   -900    317    -91  -1373   -416   -622  -1061  -1092    378   -317   -708 
 -2787   -392  -1797    107    123    187   -969  -1125   -919   -918      7    138    139   -971   -453    180 
 -2283   -707   -751  -1598     -8   -705  -1600  -1020   -716    124  -2569   -461   -187   -126    195   -734 
   -99   -659   -775    167  -2125   -488  -1108   -144   -733   -186   -486  -1273   -926   -793   -605   -439 
  -501   -717   -164  -1065     -6   -152   -311   -307  -3449  -1036  -1040    160   -512   -592   -851   -704 
  -347   -451   -735   -978  -1176  -1677  -1992   -999   -567  -1229   -155   -524   -626   -204  -1544  -1175 
  -447    -30    322   -776     51    540   -467    329    -74    243     44     32   -190    -12   -565   -588 
    46   -624   1064   -491    510    174   -452    478    406   -400     -9    786  -1850  -1043    220   -229 
 -1382     37   -450  -1522   -975    397   -955   -122   -548    323  -1445     24    109    -79  -1681     51 
  -352   -108  -1743    -80     71   -808   -741   -676   -206    213     33   -127   -445    -72   -308    339 
   263   -531    187    146   -556   -514   -867     87   -600    710    198   -234  -1884     26  -1517   -805 
    -9    -26    139   -870    373    800    339    -40  -1621     36    362   -253   -136    332   -380    165 
  -828   -251    155   -160   -594    168    386     16    -21     18   -245    -61  -1307   -689   -288    222 
  -789   -525  -1042     25    136   1158    163    153  -2719    269   -804    154    137  -1482   -477    -32 
