   404    771   -751  -1200   -693   -449    431    354   -765    238   -718    278   -868    370      9   -878 
  1059    253    234   -130  -2211   -795   -179   -323   -310   -742   -144    786   -211   -954   -606   -220 
  -880   -428    166    546    137  -2887   -395    505  -1803   -385   -312   -317   -114   -415   -443   -698 
   489   -114   1928   -419  -1285   -659   -916  -1996   -400    170   1012  -1032   -192    634    -60   -427 
  -532    625    111  -2078    139   -588   -367   -658   -900    712  -1383    490  -1227  -1149   -323   -862 
  -893  -1038   -887   -252    439    103    256  -1711   -406   -462  -1299     56   -307    232   -607   -576 
   115   -610  -1626  -1439   -787   -825  -1149    246  -2315     19   -536   -485   -661   -429   1097    471 
   379    354    354   -445  -1092  -1466    -98   -503   -126  -1491  -1429   -703    106  -2153     62  -1608 
 -1766    -68    220   -223   -766   -490  -1363   -681   -805   -808    605   -886     25   -881   -658  -2128 
   495    151    776    214  -2902  -1641    439    679  -1029    348  -1426    115   -247    813   -161   -335 
    34  -1817   -251  -1257    142  -1335    -87    178      7    -74   -388   -709     24   2069    199      0 
  -271    734   -892   -237    926    223   -251  -3016   -449   -830  -2103    709     24   -507   -690  -2134 
   537   -708   -727     88   -136    327   -200   -144   1102    512   1212  -1032   -179    -43    -88     40 
  -499   -271    -28  -1204   -618    620   -209    -80   -204   -627   -163  -1189  -1481  -1206   -216   -618 
  -874   -422  -1076     75  -1651   -776   1303   -534    685    457   -666   -124    690    -52   -462    354 
  -681   -267   -936  -1983   -504   -174   -123    147    110    731   -140   -150   -139   -281   -182   -679 
