  -267     64    306      5    339   -563   -624  -1684   -910    818    390    720    611    377     72    963 
   380   -333    160    162   -221   -104   -471    -63   -168   1484   -352    624    645   -599    559     48 
   564   -444    287    454    559   1573   -819    -10    627   -769    571    -10     -3    -16    398    -57 
    23   -456   -563    593     -9    222   -161   -240    660    156   -132    306    592    231   -564   -310 
   722    459    756    -41    720   -193  -1953     54   -289    131    109   -858   -230    338    682   -709 
  -615   -928   -849    546    571   -382   1016     66    213   -370    673   1032    887   -598    700   1338 
   226    443   -418    190   -623      1    -89    117    291    406    987   -857   -343   -643     75    -22 
   -75    315     77    963    147   -452    235    591    500    267  -1071    197    812    424    307    760 
   506   -699   1409    -48   -505    322    255   -552    458   -702     28    117    585    365   -109    534 
  -251   -721   -152     39    647   -139   -627    719   -345   2095    209    429    310   -120   -514    -40 
   810    371    699    -92    377      5    607   -164   1489   -992    156    683    232    651    405    784 
   395    706    652   -141    181   -708   -502    639    -18    274    257     81    591   -337   1144    829 
   634    -67   -514    346    942   -845    121    122   -886    474    904    -27   -898   -285    849    262 
   251   -141    507    738   -105   -425    -36    447    255    433   -325   -464    287     30    337    538 
   617   1172    -83    724   -372   -347    670    955    -67   -332    290   -109    281    -97    222    150 
   657   -192    675    956    742  -1091    983   -675   -133    145   -692  -1021    -70   -740   -420    378 
