   -27     24     22      3    -14     14     25     -6    -11    -10    -24     19     28     20      7     12 
    13    -10     37     31     -2     30     43     11     17    -18     -7     10    -12      1    -21    -32 
    21    -10      2      3     29     25     31     43     60     78    -19     21     23     -4    -11    -20 
   -10    -24      0     -5     20    -17    -13    -39     -8     17    -33     -2    -11    -16      8    -17 
    13     -3    -41     -2     27    -40      6     23    -20    -19      5     22     -6      1      7     21 
     9    -28    -22     -6    -50    -48      1    -16    -15    -24     15     40      2     32    102     84 
    -3      6      4    -24      6     34    -43      1     63     42      5    -53     36     -1    -23     17 
    -4    -51    -33    -29      7      6     44     38     75    162     93     -1     30     51     12      1 
    -6     29    114     20     17     25     20    -45     -8     61     24     11      1     77     -7    -75 
   -25    -83    -62    -55   -243   -180    -38    -94    -77     21     23      6      0     28      9    -12 
    45     56    -22    -14    -25    -27     -3    -11    -27      5     -6    104     30   -106     22     44 
     8      4     27     22    -37    -65    -71    -97   -137   -101    -56    -71    -72     23     65     26 
   -30    114    172    -16     19     57    -14     -3      7     -7     29     13     16     -7    -13    -45 
   -31     78     89     13    -56     48     16    -33    -16      2     -9    -19    -41    -12    -56    -33 
    30    -68    -52    -34    -17    -53    -12    -22    -30    -13     37     -9    -19     37    -28    -13 
   -35     -1     50     -2      2      4    -33    -37    -56     13    -18     -5    -11    -11    -20    -17 
   -11    -26    -30      7      5    -87     -2     65   -108    -25     24     -8    -23    -29      1     -6 
   -14     12     26    -14     -7     -3     -1      2     14     -1     28      9    -18     11     28    -10 
  -114    -46    -50   -142    -24     -4     -1     -6     -8     -2     12      1     22     61      9      5 
    14    -12      0    -12     29    -26     55     50     25     50    -19    -52    -27     -9    -23    -38 
     5    -36    -22      7    -10     39     63     44    328     25     -2     22     16     17     17    -35 
   -16    115    -49    -20     19     71    -16     13    -21    -26     39   -169    -52    -45    -25    -11 
    24      9     79    -46      1     26    -34      1     -9    -80    -40    -24     70    -46    -26    -36 
    55      2     79     -9   -106     20    -32    -11    -47     20      4    -38      6     14    -39     10 
   -13     31     -8    -33      7     12    -44     -6     27    -18    -41     19     49     89      4      7 
   -28     40    -24      6     25     14     30    -18     26     42     21    -34    -21     -9     37     -3 
     3     31     21     26      4     30    -16     31    -12    -18     24     29     13     -8      5    -10 
    14      6    -27     37    -32     23    -48    -13    -23    -27    -80    -28    -75   -163   -108    -52 
  -187   -145     -9    -24    -44     -8      7     18      0     -2    -24     20     14    -12    -15      5 
    35      7     36    -24     27      8     43     48   -332     49     27     17      9      9     51     47 
     6    149    -24    -22     10    -37     26     19    -16     13    -14     38     24     51    -33     94 
    41      9    140    -83     14     -2    -29     48      1      5     18      7      1     14     66     39 
    16     18      7      4    172     81    -27     34    -34    -32     19     27      5     28    -45     79 
    18     84    -34     -8     36     21      6   -144     -5     44    -13     -3    -83    -18    -14    -28 
    66     -1     15    -13     27     19     44    -20    -17    161    -23    -26     40    -29    -58     10 
    11    -51     95      8     29     14     27    -30    -22      5     18    244     26     33     23    -39 
    26     39    -10     -9     15      3     14     63     12     32     25     22     15    -55     34    -18 
   -39     13     39      1    -11     43     65    -35      6      0    -40    -23     88    -24     35    132 
    21     16     89     20     51     50     -4     24     46    -17     12      4     18     31     30     -6 
     3     45     75     -9    -16    -22      5     19     52      9     25     81     -3    -36     -9     10 
    77     -2    103      5     20     16    -31    -24     15     13     13     13     89     76    -20    -14 
     7     -6      1    -22     56     12    -43     16      6    -11      6    -19     -1     25     29     36 
    26      0     23      5     16    -12    -12     42    -24      4     14    -21    -29    -88     12    -45 
     1     29     19     87     51     -1     -8     34     -7     56      9     28     22     27    -34     -8 
    -7      5     32     56     -6     14      1      1     38     15      5     82     10     17     62     35 
     4     30     33      4     75     40     36     68     65    -11     27      2      6     80     46     19 
    12     29     12     38      2     15     75      3    -40     31     35     -3     25     22     41     85 
    24     10     13      8    -11      2     22      4    -20     53    -19    -20    -23      9     -2     -9 
    46      6      9     28     26     56     -5    -21     -3     -2     43     -9      2     31    -16    -55 
   -19    -12      4     60    -25     10     -3     10      4     63      8     54     78     65     18     36 
    43    -22     -7      9     33    -16     16    -10    -13    -18    -26     16    -15     -8     51     10 
    50    104     28    -13    -28      6     13     12    -40     15     23     -3    -57     55     13    -10 
    25     -9     -4    -21      6     -2    -10     -7    -19    -38     25     18     14     75    -23     16 
   -16      9    106    -18      3     32    -14    -16    -15      9      6     78      8     -4      3      0 
    36     78     30     39    -10    -26     26      8     -1     11     65     13     35    124    -32     24 
    13    -29     25   -137    -18    -32   -130    -44    -13    -84    -23    -29     28     41    -31     -4 
   -28     19     14    -28     35    -54     12    -52     50      7     -8     29      7     30     46     -8 
    15     55     15    -46     34     32      8     21    -42      2    -61    -35      4    -42    -26    -90 
   -12    -35    -58    -69     -7    -78    -52      2     12     57     -9     70     53      1    -42    -22 
    42     -4    -59     44   -143   -149    -44     10    -21     -2     14    -64     -3      8    -42     -1 
    -9      0     18     30     26     34      1      6     25     15     56    -17     30     85     39      0 
   -47     26     -5      3    -41     18      4    -14      0    -51    -23      8      0    -15     47   -118 
    24    -35   -194    -28     12   -102     -3    -15     11    -14    -21     24     -3    -22     26    -21 
    -3      1     13    -14      1    -34      9     -5     -2     16    -43    -46    -39    -67     -3    -71 
   -81    -18    -18    -80    -25   -108   -214   -126     -5    -34     12    -33    -10    -14    -16     17 
     4    -11      1     14    -15    -65    -34     -1   -142    -37     22   -112     -1    -20     20     75 
   -28    -29    -10    -31    -59    -11     31      3     16     23     10     -2     27     30    -16    -79 
     4      8    -29     57     24    -62     22      1      3     -2      1    -29     -7    -24    -20     55 
    10    -46    -58    -40     48    -45     -1      4     -4     -5     26     50     14    -47     55     14 
    10     59    -11      3    -34     19    -10   -130    -53     36    -40     18    -83    -21     54    -24 
     8    -30    -20     56      5     49     17    -43     27      4    -37     35    -11      4     -6   -115 
   -64    -71   -110      3     12      0     31    -26    -15    -18   -107    -84   -103    -44     64    -19 
    -5    -34     -9     43     58     17     15     -6     14     -4      4     -3     -6      8      2     13 
   -20     -8     12      6    -23     21      2      0    -15    -38     29     -3    -10    -16    -22    -46 
     6     -3     33     21    -14     59     31      6    -47     -6     15    -49     -4      8     -7      7 
     1     35    -18     -8     -5     -8     11     51     -2    -20     20    -35     -2     25    -10    -38 
   -19      4    -54    -30      1     29     -6     -8      5     -4    -16      9    -11     -9      7     12 
   -45     62     -2     -4     22     44     -2    -46     28     24     19      0    -32    -18    -10     10 
    -1    -10     20     16     76      0     43    102     21     26     26      7     24     58     28     25 
    96     39     33     44     20      2    -13     -1    -10    -22    -10      0      6      5    -61     15 
    57     -7     -9     -6     50    -32    -58      2    -16     -9    -12    -26    -19     10     44     -1 
     4     18    -16     -5    -34    -36    -18     16     32    -19      8     20    -17     52     11      1 
   -16    -38     -7     -2    -13    -13     -9      2    -12    -40      8      8     17     -8    -18    -32 
   -14     24     34     11     23     58    -63    -30    -30    -32    -43   -103     56    -44    -52     17 
   -20    -58    -28     18      0    -53      2     16     -8      7    124    -22     -4     -3     -4     68 
   201     44     82    152     86     10     20      3     18    -17     10    -14    -46    -10     -9     -4 
    16     24      5    -28      8     16      8    -10     11     33    -34    -63    -26    -37    -84    -27 
   -53   -118    -23     11      0     15    -20     -6    -16      6      6    -13    -21      5     24    -34 
   -13     -1    -38    -30      6    -18     41    -21     50    183     60     -2    144     79     10    -16 
     4     13     23     27     -3    -18      3      0     -9    -17     -3      9     -1     23     -6     -2 
  -192   -300    -47    -19    -42    -12    -44     -9    -13     21    -24    -18     21     17     11    -11 
    34     17    -26    -14     37     43     65     29     15     26     -9     25     22    -14    -22    -71 
     8      8    -15     26    -17    -10    -14     34   -161   -104     29      7     27     16      2      9 
   -15     36     49     -5      7     28    -12     29     12      1    -52   -107     -5    -70    -33     18 
    28     39    -66      2    -32     11    -52     -5     27     95     50     10     74     42     -1    -55 
    28    -27      9     27    -71    -12    -37     37     -4    -35     -4    -20      1      4     80     -7 
   -37    -10      5    -18    -54    -24    -72    -56    -31    -24    -78     -3    -12    135    -14    -44 
   -39    -50     15     -6     47     -2     24      5      2     27    -58     -7     16     -3     49     13 
    34     64   -121      5     37     59     38      9     73      6    -18      5      6    -29     -7     13 
    14     -6     12    -16    -32    -11     31     23     16    -14    -11    -51    -35     72     21     -8 
  -111    -15    -13    -31     42      5    -21    -61    -31     15      4    -29      6     -4     32    -38 
    40    -14    -15     -4    -10     32      3     23    -90     11      6     27    -15    -83    -78     24 
    15     59    -17     -9     -6    -43     -1     20    -23      7    -14    -22    -42     10      0     -3 
   129      9     -2     39      0     38     17     34    -12    -21      8    -24     64     12    -23     63 
    46   -134    -30      8    -55   -193    -27      7    -19    -54     38     59      5     34    -92     -2 
     2     45     12      7    -33     41     10     35    -15      9     45      7     -2      3     20     40 
   -19     16      5    -14     37     -9    147     32     40    230     56    -83     -4    -85     18    130 
    -4      7     -5     25     28      0     -7    -24     42    -32    -34      3     -9     -4     17     18 
   -29     41    -25     32    -48      3     -2    -13    -43     43    -16     -5     55     55    -94    -10 
    56    -38      5    -96     99     46   -151     -8     -4     -1     26     73    -79    -68    -61   -149 
    65     29   -102    -10     -8      1    -91     61    -83    106    -12     11     59    -18      3     34 
   -49   -123   -106     81    -44   -107    -12    -25    -88     -6    -24   -286     24     41    -75    -30 
   -23    -95    118    339      4    -95    106    -62    -27    -86    -84     26    -88     34     33   -117 
   -70     -3     96    -14     25     80     77    -44     94      5     25    -25    -12    -31     19    -43 
    -9     11     26     34    -11     47     54   -204    -19     39    -81     19    -21     42    -10     24 
   -79    -89     -8     50    -70     14     16    -29    -25     21      1    -10    -24      2      2    -55 
   -11     -2   -102     -4      9    110     22    -19     28    -11    -66     29      9      8      9     25 
    20      4    -20    -26     -9     30    -16     16    -10    -23     35      0    -14    138     96    -23 
   -11    123    -75     42    -92    -35    153    112     -1    -10     48     23     20    -17     80    -21 
   -33     12     12     28    -67   -100    -20    -32   -183   -206     -1    113    -56    -84     71      3 
   -71   -166     24    -30    -37   -113      4    -32     10     62   -133    -60     39    -31    -32    -22 
   -76     18      3    -57    -32    -18   -124    -35     -2     -8     17      9    -44      6     11    -18 
   -18     25     53      0     49    195    -25    -19     63     13     36      1     16     55   -218     15 
    43    -66     -4     -7     10     25     -2     89     59    -13     57     78    -51     76    -44     15 
    63    -91     -2     -8     46     16    -40     -4     18    -35     53     10     58   -109    -60    162 
   -38     18    249    100    -37     12    -26     -4     72     34     -3    162    158    -17      7    109 
    20     -7    -29     10     39    -55     12     16    -17     61    -24    -45     -3     97     45    -15 
    44     -9    -21     26      9     10     15     55    -80     18     21   -145    -23    137    -33    -22 
   107   -133      0    131     44    -60     20    -27   -164    113    -74    -52     20     23     20    115 
   -74     11    212    -44    -32     23     21     27    -13     69     88      1     -7     43    -20     42 
   -53    -28    238   -192    -53     61    -64    -57     -6     60    -10    131     49   -184    124     27 
  -108      6    -42    -38     13      1    -20     -4     52     17      4    -14      9      4    -44     10 
    32      7     -1    -29     45     20   -180    115     75     -5      1     19     79    -21    -17     50 
     9     14      5    -27      8     -2     26     -8     -4    -32     49    -16    -12     -5    -32    -13 
    30     30    -33    -47     63     41    -47    -16     29     -4      0     26     15     11    -39     19 
   -13     13     11    -32    -45     70    -31     -5     17     10     14     14    -14     -8      4    -27 
    59     23     30    -64    -22     95     22    -38    142     80     63     13    -11     -1     -3      4 
    45     29     -2      4    -18     35    -29     34     94   -110     -1    -46    -72     -4    -27     11 
    17    256    -50    -32    -74    -39    -10     21     -9    -51     53     67    -39     -1      0    -14 
   -47     46     85    -65     54     22    -72     11    -12      3      5    -51     42    -37     12     15 
   -30      2    -18     18     54      4     -9      5     49     51     38     10      4   -152    120     73 
  -119     62     11     -1     -4    -31     21     38    -78     46     68     -2   -214     77    109   -416 
    69    294     38     17     48     12    -77     10     78     28      8      5    -15    -12     85    -61 
  -108    159     67   -201    -10    122    -79     33    -46    -15    -50   -124    206     62     -3    184 
   -31     64     28    -39    -34     -4     21    -70     29    -37     49     34     39     21    -20     49 
   -27     -1    -30     31    -56    -13     15    -39    -22     44    -45    -25    -51    -39     21      1 
    25    -38      6     -6     10    -48    -10     -5   -102   -130     62    -26    -12      5     11     36 
    -4     12     -5     49    -51     75    -34     34    -12    -32     16    -27    -12     14      5    -15 
    -1     -8     41    -72    -58    -56    -24     44    -58      1    -33      9    -57     -7     38   -105 
    26     41     13    -35    -30     12     -5    -69     -2     22      7     10      3    -29    -51    -48 
    89    102    -20     20     26     20      4     -4     27     58    -90     19     13     93     42     10 
    33     13     45    -60      9     19   -150    -20   -141   -475    347      8   -231     -1      7    -42 
   -47      8    -82     85     38     -5    -60     66    -16    -15   -113    104    -63    -30    270    -72 
    45     66    -66     -7    145   -314      5     63   -145    -34    -16     28    -62   -105     80    -12 
  -142     -4    -10    -52     35    -85    -56     43     21     46     66    -45    227    -43   -168    239 
   -72     21    -25    -43     -5     68    -55    -25    -50    -35    -13     59    -26    -33     92    -27 
     6   -119     -5    -16    -64     68     -6     16    -40     96   -113     27     63    -36     12     86 
   -44    -74    102     43      0    -13      6    -54     -4    -10    -59    -72   -201   -117     -2   -122 
   -42     77      5     -7     15     15    -72     14     10     -2     -8     61    -38     23     11     -1 
    41    -82     34      6     23     51     47     49    -38     -8     55     33     27    -10    -14     66 
   -57    -15     13    -69     17     20    -39     -2    -49    -41      2    -37     34     18      7    -58 
    34     14    -27     18     -7     28    -29     13    -19     60    -25    -72     29     25    -31     17 
     8    -43     32     34     65     12     21     31     10    -12     57     22    -62    -19    -55     16 
   -26    -13     -9    -14    -59     -1     64   -169    -41    -57    -70     31    -12      7    -20    -26 
    -1     16    -20     31      5      5     42     -2    -50     15    -44    -31      6     -1      0     22 
     2   -135     13     17    -12     12     20     -3     41     -3     20     29     -3     38     29     90 
    21    -11    -75     25    -28    -25     49      8      5     -5      2    -20   -142    -18    -13     41 
    23      6    -36     28     -7     69     -3      8     43     -7     -9    -14     -8      2     24    -21 
    -8    -29     41     25      8    -13     42     85     23      8    -20      1     -3    -68    -23     24 
   -78     -9     13     11     18      1     -2    -12     -3    -34     11      9    -16     14    -51    -40 
   -40   -101     84     -9    -31    -33    -28      7    -19    -10      9    -77     -7     26    -35     23 
   -11    -18     -1    -50    -39    -46      9    -28     21     33     -2     13     20    -41     52     25 
    21     13     11     19    -12     -2    119    -21      0    -29    -31     32    -53      2     -8    -14 
   -26     10    -30      4     22    -17    -29     25     39    -55    -12     -8    -21     15    -26     -6 
    80     86    -98     57    -16     28      2      6      6     -2    -17    -14      1     14    -25    -13 
    15    -11     26     17      8     19     41     25    -24    -65    -17     -7     29     -9    -49     -1 
   -23     20     13     13     79    -53     22     41     25     10     -3    -18      3    -37     54    -12 
     8    -21      8    -17      7    -13     14     53     21     12     -1      7     46      1     46     66 
  -146     60    -17    -40     31     17     26     34      3    -90    -96     35     27     16      5    -51 
   -12     -9   -102      0    -15     39     12     -5     -2     -7     48   -115    -48     11     28      0 
    10     -2    -14      2      4    -24    -11     -2     19      2    -22     -9      2    -32      2     19 
   -11     21    -22    -27     50    -26     19     78     15     13     41     -6     -8    -17     35    -15 
   -27     -2    -13     -2    -32    -54    -50   -119   -128   -103      6     -4    -30      2     25     -3 
    -7      9     13     -2     -1     22     -4     15     16    -18     23      4     19      7      8    -13 
     5      1     17      2    -28      9     -6    -31     -7    -21    -38     22     15     -7    -11    -23 
   -17     23     33    -13     31     78     60     11     30     40      7     37     36     11     94     71 
     0     20     10     43     -6    -37     15    -25    -51    -45     -6     51     -4     -2     -3     -1 
     7     32     -4     18     13     10     47     44     37    163     60     15     65     55    -40    -31 
     1    -82    -22    -71    -63    -35    -45    -43    -28     42     -1     11      2     55    -26    -65 
   -19    -33    -42    -22    -75    -71    -12    -14    -48    -32    -25    -12     -6    -23    -34      6 
   -42    -36      1     20     17     -4     12      1     -2     -3     -9     42     -7    -80     -4      7 
    -8     10      7      8     21     38     52     64    115    117     12     29     38    -25    -35    -51 
   -22   -160   -192     -8    -37    -90     -3     10     16    -12     24     20     27     11     -5     22 
    -6    -69    -90    -14     64    -73    -13     51    -58    -20     51    -14    -35     29    -20    -26 
    24     34     58     53     -8     20    -24      3     22     29    -20     -1     30    -53     -7     41 
    31    -12    -48     -1     -7    -10    -50    -32    -31    -21    -39    -12      8     12     28     -1 
     6     22      4     20      4    111     24    -81    105     16    -76     11     -3    -31     -4      0 
    -5     18    -12     -5     25     23    -14     13     13     -3     20      0    -38     -6     25      5 
   -54     59    -25      9     32     -4    -23     10    -36     38     94     33    -35     61     22      2 
   -38     26     51      3    106    -36     53     -3     13      9    -72    -36   -178    -82      9    149 
    40    -75     49    -13     28     -5     16     18     41    -74      1    -57    -49      2    160    161 
    53     32    -28    -23   -129    -55     12     55      5    -17    100    -12    -12     24    -23   -288 
  -167     -8     73    235     36     64    116    -20    -11   -200   -274     42     67     86     60    220 
   138     54     36     34    -52     69     23    -28    -73    -31     -7      9      0     16     38     31 
    -1      9    -25    -24     86    -45     15    102     27     -4     67     30     23    -22    -48     40 
    90     57     21      1     60      7     48     12      5     32    -42    -12     26     12     36      2 
    12     37     54     43    -22    -39    -28    -16    -39     16     21    -30     42     -2    -12     20 
    41     27     20     24     -6     10    -14      3     40    -23     54     41     14     10     14    -18 
    15     14    -31    135     67     -5    136     79      9    -34   -107    -46     51    -28    -43    -32 
    -4     33     21     16     22     -7    -64     -4     71      2    -16     -5     26     71     43    -66 
   -51     19     -9      9     -5     82      9     81    -12    -17      9    -38     -1    -44     21     12 
   -43    -39     13      4    -28     -5     76    -17    -31     16    -11    -12     12     -8     24     21 
    -4     31    105      5     38     19     61     -1    -40    -14   -138     13    -78    -48    112    -59 
    42     75     37      4    -29     -1    -34      5     52      4      9    -15    -31    298     58   -140 
  -201   -190    -16     -2    -37    -14    -10    -50     44     63    -23    -11    -19     20    -75   -208 
  -114     48    199    164    -22    103    146     23    150     93     -2    -11     35    -27   -134   -191 
     7     41      1     -1     82    -64     -7    -12     11      5    -49    -36    -17    161    -63    -11 
    47    -24    -18    -47      2     70    -50     53     20     42    163      4     91     20     30    -59 
    32     25     35    -16     51    -32    -17     53    -20     -9    -25    114    -45     31    -46    -41 
   100    148   -273     52    230   -124      2    -13   -109    -10    103   -190     36     85    -95    -11 
    88     -2   -278     84    -33    -44     -8    -12     41      3     65     78   -149   -160     28    -34 
  -109    -19     44    -56    -31    142     22     49      6    -29    -32    -13     35     24    -59     54 
   -17      6    -23    -47     52     -7      6    145    -91    -11    -32     -2    -26     18      8   -102 
   168      6    -37    -40     64    -13      0    -19     22    -15    -36      1     41    -10    -29     26 
   -10     48    -29    -21     68     14     54    -13     19    -10     27     26     15    -31      4     30 
     5     22    -42     -4    -50    -12     42     -9     -4     -9    -22    -31    -57    -47    -67      5 
   121     20    -39    -85    -75   -189   -123    110    -45     27     21    -21     41     24    -24     12 
   -17    -39     27     10    -26    -15    -25    -38     16    -23     10    -16     48    -72      5     21 
   -46     72   -121     -3      7    -29    -34     37    -16      4     83    -36    -22    -21     30     45 
   -17    -27     67    -97    -14     36     10    -69      3     51    -10    -38     24    -10     -5      3 
    -6    -58    -54    -10    -54     -9     51     19     29      8     17     32      6     -5    158   -102 
   -51    122    -46      2     -6      6    -29    -55    115    -34    -43     27    -99    176   -124   -150 
   506   -232   -100    124   -118      1    -91     83    -10    -83    138    -16    -30     74     -3    -12 
   116    -29    -46     20    -16    -70     70    -51     19     16   -145    133    174    -94     82     92 
    13      1     -7     -7      0     -8     -4     -1     -9     -4     -1     -2     10    -22     -1     12 
     0     -4      3    -14     15      3     10     20    -12    -26     19    -16    -18     22      5    -37 
   -28    -15      4     13    -11     -7     11     20      2      4    -27     -5    -11     -8      9      2 
    21      8    -24      6     10     -3     -7      2      5     -4    -12    -13     11    -13      2    -13 
    20      5     -1     -8    -12      3    -12     -7     -5    -12    -16     13     -4    -19      5      2 
   -12     -6      3    -19     -3     17     -7     -2     21    -10    -53   -169   -197   -187   -393   -310 
   -75   -175   -117     16    -14     -6    -26     -9     41    -22      4     12     11     -4     -2    -30 
     8     37     13     10    -28     33     37     48     25     27     48     38     20     28      9     -2 
    -9     -6     20     -5    -18     11     -5     18     -4    -33     22    -20    -21    -52    -23     41 
    11     38      9     25     72     37     30     65     18      6     -3    -21      3    -10    -58     10 
   -16    -18     -6     14     -7      0      5    -18     15      3     -4    -58    -11     61     19    -37 
   -34     -8     -1     -8     13     -9     -8    -12      6      8      0     -1    -18     -2     18      2 
     9     34     32     30     41      4     56    -10   -141    -40    -42    -69   -142      8     97    -14 
   -30     -5     -3    -15     32      6     15      6     12    -20    -33     21    -34    -58      4    -24 
   -16      2    -13     -4     -3    -11    -15      0    -19      6      9    -17      2     -3    -29     -4 
     0     -7     12     14     37     31     16    123     97    -38     67     80      8     18      0     -2 
   -27    -14     15      2    -12     25      7      9    -20     19      6      5    -12    -14     -7     10 
   -13     10     -4    -17     20     -1     -2     -2     22     11     14     -3    -25     -5     24      9 
    53     27     30     31    -12     15     30    -22     20     51     24    -18    -11     92     18    -37 
    34     -2    -11    -58    -20    -30   -138     21    -38     17     16      4    -96    -26   -124   -186 
   -32    -55     20      0     34     73      7     27     67    -63     19     11    -18     -6     13    -44 
   -10    126     -3     91     13    -39     36     49     13     15     16     38     45     92     19     23 
    50     46     -5    -36    -10    -61     41      2      5    -81     14    -45    -16    -13    -32     36 
     7     22     61     16    -56    -34     -9    -34     20     26     -1      5      0     15    -30     26 
   -23      1    -38     22    -20     15     35    -64     54     -6    -46     28      7    -10     56     35 
  -113    -13     16    -52      0     11      1      6     17      9     11     11    -15    -10    -46    -30 
   -19    -55    -98    -10    -47     -2     -9      9      2     -8    -14    -17    -33     30    -10    -16 
     3     -2    -38     31     -6      5      8      9    -44     10     31      9      8     46    -45      7 
     5    -12     40     93    -27     -2    123     -8      2    -35    -46     -4     57    -60      8      5 
   -14    -15     11    -14      4    -19     12     17   -153      1     29     54    -19     28      3     14 
    14   -161     49     21     26     14     27     20      1     27      4     14      7      3     12     -2 
    35      8    -32    -42    -16    -31    -20     41     -9     30     16     17    -65     -7     12    -43 
    27     51     32      5      9     11     17     23     -4     21     -2    -15     23    -16    -98     -2 
   -18   -102     16    -11      2     -5     -9    -52     -6    -18    -33      7     73    -75      0     73 
    81     51     24    -49      5      8     26    -31     58    -42    -20     42     13    -11    -13     55 
    21    -66     18    -55    -10    -59     30     16     12    -77    -15    194    -14    -67   -114   -117 
    66     79     21     -8     28     33     -7      4     19    -34     19     51    -61     98      0     -5 
   -58     31     10    126      0     37     19    -52     -7    -31     27    -43   -184    -17    -57   -216 
   -52     62    -90     43     29    120    -25     -5    -37     56    -39     20    -36    -61     81     19 
    43    342     51   -157     64    -44     -1    119     78     25    208    125    -21     20     24    -94 
   -60      2   -233     59     33     76     27    -52    -53    141      0     77    252     27    -25     -2 
   -19    -22      4      1    -38    -51     24     15     40     14     13     -2    -19     26     50     11 
     2     -6    -26      9      2      2    -66    -43    -16     -9      8      8     76     -2     14    -45 
    18     25    -18     -3     37     -1     27     44      0    -47    -32      2      1      0     25     13 
     2     14    -14     16     51     35     16      0    -23     -1     19    -72     52    -16    -33      1 
   -16     19     15     33     -4     -3    -17    -39    -12     31     48      3    -47     32     58    -46 
    16     60     24    112     11     44    -82    113     -5     39    -45    -35     16     -8    -29     31 
   -46      9      6     -5      6    -26    -25     32    212     30    -35    -85    -27      1    -96    -45 
    13    106    -16    -11     49     17     -2     33     -2    -12    -12      0    -35    -23     33     61 
   -69     23     69    -66     13      5    -53     15     29    -27      6     16    -21     22    -20    -12 
   -28     25     -2    -30     47     75     17    -12     22      8     10      9     -1    -86    -45    -51 
    -7     56     22     35     -7    -36     -6    -83     -6     -3     33     47    -66    -82     37   -100 
   -23     23     25     38     -3     22     29    -72     63      2    -37     28    -29     14     75   -121 
     9     16   -180     26      8    -31    -18     13     -9     -4    -71   -115    -50     58     35     19 
     1    -32     31     18     73    -12      5     76    -32    -16    -27     -7    -85   -454    -91     18 
  -135     -1     17     33   -106    -24    -37    -11     -5     44     97    -48    -31    -32      5    -45 
    27     73    -82    129    -23    -73    -17    -35     78     47    -20     50     10    -13    -90    -54 
   -75   -143     98     64    259    127     14      6      2    -10    -57    107    -19    -37     66    131 
   118     11     56    -66    -31    -28   -243    -16    -16     46     61     22   -107     53    -16    -26 
   161     -1     33      6    108     26     14     55    -34     13     17     10    -26    -12    -26    -24 
    12    -22     71     37    -25     14    -12     31    -25      4     87    -18     61     45     61     20 
    72     51      0     10     22     -7    -12      4     34    -43      4     28     11    -21    -52     30 
   -14    -28     15    -10     45    -48     -7     15    -11     18     10     26     -4    -35      5    -25 
   -19     -3    -12      2     25    -21     43     -3     37    -24    -38    -47    -16    -16    -37     16 
    87     14     26    -16    -13     61    -18   -143     24    183     39     48    -26    -23     21     17 
    22      4      3     17    -10     35     17      1    -75     -6    -25   -184     41    -29      2     15 
    43     99     39     49    -31    -80     14     14     -1    -36     61    -16    -34     44    -21    -28 
    39     19    -68     72     16    -22     14    -38      3    -84    -23      3     99     17      8     21 
    33    -33    -46    -17     -9    -64    -11     60     66     24      6     16     26    -36    -32      9 
   -10     47      5     -1     -3     33     -1      9    -39      9    -25    -50     -7   -182    -32     27 
   -36     22    -21    110    -69    -25     72     -1     -7    -45    -44     12    -16     15     60     29 
     9     34    -81    -48     81    121     -1      8   -117    -36     54    -96   -105     64    205    186 
    21      2      4     10      9     -6    -61    -50    -26    -24   -130    -20    -63   -169    -54     11 
  -111     -4     20    -25     -9     34    -38     36     41    -53     56    -74    -59     58     35     -3 
   -69     78      3    -19     61    -62     -7     19     58     -6     -9     15    -16     13    -70    -52 
     0     -5    -65    -92    -35    -55      1     32     -9     26     31    -33    -18    -53    -88    -94 
   -62    -26      9    102     -8    -13     90     -1     26   -155    -39     90     53    -86     27     43 
  -114     -7     -1     10    -27     71      3     28     25     11    -43     29    -29     20     -7     31 
    18     27     -2     18     17      0    -60    -95      2    -15    -81     -3     60     65    -10     -2 
     6    -43      6    -25    -28    -14      8     -5      1     23    -52     -4     33     17     30     27 
   -12     56    -60    -21    124    -77     22    -33    -32     21    -47    -30     19    -11     39    -17 
   -36    -52    -20     28      5     11     12     46     11     37     20     23     11     -7     10     13 
    57     22     18     13    -28     10     18    -53     -6     54    -17    -19    -26     -3    -26    -31 
    10     13      7      8    -13     77     19      9    -21    -31     21   -135    -67    -39     14    -40 
   -31      5     43    -51     23      8     30     16     -6    -34    -46     -9    -21    -88     -3     60 
   -20     17    -75    -76    -18    -31     32     -3    -33    -30     -1      9    -21     29     -7     19 
    -5      4     -2      3     34     63     40     10     41     15    -57      2     16    -17   -108     -1 
   -95   -152    -39    -10     66     -1    -17      0     31     47    -14     47    -96     -9     42   -182 
   -21    -11    -42     46     -1      8    -64     -8     53    -68     29     -2    -65    -22    -21   -126 
   -13    -17    209      6      9    148     14    -36    -98     21    -55     39     44     16     24     48 
    18     -9    -23     66   -139    -64    -26     -7     -7     -6      3    -25      5     68    -10     12 
    18     -7     56    -27    -20    -11     83     53     25     22     -5    -51    -68    -38    -40    -53 
    31      8    -43      4    -56   -150    -33   -234     11    -30    -73    -91     16     -6     27    -13 
    -4    140    -40    -58     38     59    -18    -37    -14    -26   -135    -17    -21    -60     -7    -67 
    -7    -16     16     22     -1    -33    -49      8    -14    -53    -66    -34     98    -60      0    -15 
    58    -58    -27      7    -54    -23    -31      3    -18      0     26     11      9      9    -51    -16 
   -18    -25      0     27     -5     21    -19    -11     53     -1     52      8     57     46     -8     22 
   -24     56      3    -16     -7     25      3    -29      8    -16     -1    -31     -4    -12     40     -4 
   -18     25   -174     42     -6    -44     -9    -21    -10    -18     -7     45     23     11     -8    -42 
     4    -24    -35     70    141     -5    -37    -22    -31    -30    -33    -15      4    150    -13    -62 
   117    -44    -28    -10    -46     20     36     29     39     53    -43      8     18     -7    -27     45 
    12     11     15    -12    -10     -5    -34     -8    -55    -16    -42    -49      4     21     35     42 
   -40   -103    -22    -45   -112     35     26     13    -31    -21     -8     52     17     24    -13    -42 
   -34     80   -159    141     39     -4    -15    -20     38     37     25     26    -29     13     34     19 
    17   -135    -75    -14   -306   -138    -33    -62    -61     -8      4    -17     28    -26     42     49 
    27     15      3     20     23      9     -2   -124      7     52    -16     -7     19    -40      7     90 
    63     11     40      4      2    -27    -30    -29     67    -30      1     57    -51     -4    -58    -52 
   -33    -19     61     16      6    -23      1     -7     41     20      5    203      9     -6     23    -29 
    74     60     23    -12    -67     -4     17      7    -33     -7     42      8     13     69     46      0 
   -12     46     30   -140     70     78    237     81    -19     90     95    164     15    -61     80    -21 
  -137    -13    -14     -4    -16    125    -27    -31    -66   -102    -23     85      4      9    114    -71 
   173    171   -181     11    -32   -232    -12     -9     73    -10     82     54     65    -32    -67    -29 
  -132     42     30   -149    -23    -74    211    -42      5    206     47    105    172   -263     -9     -5 
  -233    -60    -82      0    -74     33    -13      0     79    -29     18    -83     47     12     68    -10 
   -12      3     10     95      4      3   -121    -51     72     32   -122     79     36    -11     32    -41 
  -123    -17      3    -21    -81     15     -9    -26    -13    -45    -20     -8     18     11      3    -41 
    20     45    -33   -105    -36     35    -26     34     49    -25      1      3     -3     31     -7     27 
    31     -9    -11     -4     -5    -58    -59     19    -13     11     15    -31     -4    -19    -40    -52 
    73     30    -51   -174    -13     35   -252    143     19      1     98    -17     69    -47     -2     30 
    30     28    -56     30    -12   -147     65     19      8     78     23     -9    -10     49    -80     53 
    -7     82    152    -17   -110    -88      9    -15     33    -62     50     77     22    -42     27    -40 
    36     20     -3    -14    112    -34      9    -42     61     30      8     82    -49    -51     -3    -30 
   -19     -3    -35     -9    -31    -52     11     -3     33     21    124     42    -33    -69    -46     24 
    60    -69     37     17   -118    -58    -31   -158      0     19     -7     44   -123     -8     75    -72 
  -104    190    -15    -38     30    -30    -37     26      8     34    -15     22     -7    -18     35     87 
  -101     59    157   -181    -58     47    -20    -66    130    -24     10     18    -82    -29     31     37 
    51     31      8     24      3     10     19     -7     21     13     44      1     43     11     35      6 
   -14     10    -52    -95    -19    -18    -17     90     31      6     24    -11     40     20     38     61 
    -8      9     50     28    -21    -20     44      6     66    -27     -4     53     -1    -56    -84    -60 
  -132   -264   -167    -55     -6    -44     -6    -12    -44    -24   -150    -90     17    -36    -34     -1 
   -11      4     91     64    -16    -41    -82     -8    -51   -133     -3      4   -180    -40     -6   -164 
   -55     10     27     20     18     26    -17     12    -28     11     33    -32      7    -37    -17     -1 
   -12    -28    -10     22     -5     19    -21    -21     35      6     65     16     27     33     31     15 
   -24    -50    -16     12     -1     13     17    -15    -11    -36    -33      3    -15     -7     22      4 
     0    -22    -89    -30      2    -66     -9     -8     35    -24    -37     14    -18      9      1    -34 
    11     11      7     13     -9    -30     -3    -22    -62    -19     -5     16    -38    -34    -20     11 
   -47    -85    -45     -7     -3    -33     43    -90      3     -6   -113    -18    -24     27     -8     -7 
    22      5     19    -26     20    -43     18    -24   -160     -4      0    -69     10     -4     22     44 
   -31    -35     -9    -38    -77      7     29    -37      1    -19    -66     14     23     50     21    -49 
    -9    -13    -94    107     17    -63     18     -6      5     -1      9    -35     -5    -12    -20     22 
   -11    -17    -18      9    -20    -36      0      9    -45      0     23      8      0     41    -37     11 
    -9     61     24     27     16      2     15     -3     19      6    -24      1     -5     36    -11    -27 
    57    -28    -20     60    -22     20    -10     26     18    -34     -1     17      6     14    -21    162 
    51     60    129     54      6     37    -38     -5     84     43     44    149     25    -13     91    -27 
   -52    -29      7    -27    -12     13    -13    -28      7     -4    -21    -19     -1   -126     -1    -19 
   -78     29    -25    -22     -5    -10    -49    106     36    -43     58      5     -3      2    -13     47 
    59    -18    -12     49     15     43    -41     36      4    -17     37    -64    -62     22     20    -48 
     8     22     32     -1     -4     65     14      1    -24      2     15     -1      2      1     43    -83 
   -33    -17     10    -53     62      5   -167     27    -43    -11    -57    -39    162    134    -16    -21 
    37     12    -18     17     66    -85     31     25    -61     32     -9     10     27      7     26     28 
    -2    -16    -46    -30    -38     -7    -24   -121    -38    -42     14     31      5    -42     44    -42 
     5    -74    -33     20    -42     -2      2    -28      8     27    -16    -20     -8    -31      3    -40 
   -10     29     -7      2     42     -2      8      5     26     -9    -17     -3    -24    -25     37    -11 
   -17     -8    -24     31     44     17      0    -76    -53     -2     43     16     39     17    -10     25 
   -40    -33      0    -30    -17     -3   -130    -43      0     47    -77     17     17    -16     10    -45 
    32    -17     15     13     -5    -23      6    -28     13    103    -12     51    101     10     10     32 
   -48   -125     91     -2      8     10     -5    -13      4    -24   -151     12      3    -12     57     -4 
     9     21     12    -22     32     12    -15    -21     36     12    -21      1    -32     20      5    -32 
    -3     33     28     21     26     55     14     15     -3     10    -42     22     -4    -12   -131    -28 
   -39    -48      8     28    -16     26     20    -16    -22    -17     49    -30    -38     56    -79   -102 
   -33   -150     14     67    -17      4    -36    -20      1      1     35    -64     -1     63    -15    -55 
   -37     43    -31     17     25   -113   -100    -25     42    -69     -7    -84   -177     39   -102    -63 
    -5     -4    -32    -29    -24    -12      9      4     -7      6    -40     -7     21     28     29     -2 
   -14     -5    -10    -45    -29    -16     18    -25     20     28     21     -2     21    -12      6    -40 
     0     -2     -6     13      3    -20     -8     -3    -31      5    -24     44     25    -10    -14    -21 
    -8     -4     10    -16     17     -2     -8     11     35     17    -12     24     15    -33    -11     19 
    -1      7      5     17      1     10     26      9      8     -6     -4     25    -17     -6     -9     12 
    20    -27     32      0     -6     16     20     17    -59     -4     -6    -22    -26    -34    -12     -2 
    13      7     42    -24    -34    -20    -52    -69    -37    -40    -54      8      8    -37     30     41 
   126     53     33     42     24    -38    -77    154    -21    -35    -15     47     60   -132     -8     14 
   -32    -13    -15    -19    -22    -43     45     18    127    -16    167    328     93     87     60    130 
    22     -3   -130    -46    -97    -83    -15     -6    112     20     -6    -27     22     17     -2    -11 
    24     41     -3    -27      4      1     -7    -23     19    -22     -2    -51    -67    -97   -184   -335 
  -148     -3   -223     39    -18     29      9      5      5     -5     48     21     11     73     45    -52 
    -4      6     -1    -38    -18     43     -8    -10    -22     -8    180    -52    -25    -10     -6    -11 
  -123     -7    -65    -76    -45     -9     44     -2    -53    -12    -40    -18    -75    -17     15     11 
    -4     -3    -16      2     -9     -3      2     15     19     -7     -1     19      0      9     46      0 
     6     37     14    -15      1     -6    -21     10    -20     17     12     11     -8      7      0     22 
    21     17     10     29    -22     15     -5     16     11    -42    -49    -12    -91    -39     -5    -45 
   -15     12    -12    -15     -1     36      4      8    -13    -46     -4     15     -9     -1     32     26 
     9      7      6     25    -56     24     52    -84      9     -5    -35     20     25     12     18     24 
   114     21    -13    -21    -98     -1    -97      5     18     -4     -5    -44    -41    -46    -43     88 
     0    -52     41    -44    -32    -63    -34     -4    -91     -4     30    -10    -23    -11    -35    -63 
     5    -77    -98     13    -85    -12     15      9    -11      2    -51   -114     15     24    -33     82 
    24     60    -33      5    -56    -12     30    -10     38      2     41    -27     49    -12      0    122 
    45     -1    -24      6    -37    -87      1    -31    -22     29     -8      6      0     18    -15     27 
    10     22    -32     13    -55      4     48   -239     60     41   -228     64    -49     65    -25      4 
    63    -86     37    -70    -94      2      3    -10      4     22    -32     -3      3     25     23     17 
    -7     12    -28     46     24    -27     -7      3      7    -27     26    -50      4    -20     32    -11 
    14     16      0      6    -48      5     13    -19    -11     -6    -16    -36     -4    -55    -22     14 
   -62    -24     50    -62     -2     54   -187   -107     45   -108    -86    -18      0    -10     19    -72 
    40      8     50      6     17      6     32    -24    -35    -29      3     24     35      8    -17     62 
    36   -105     90    -35   -114    -12     -9     -1    -17     66   -165     10     34   -124    -14    -51 
  -104    -15     75     -5    113     24     47     36      7    -12     15    -21    -19     -5     18    -32 
    17     10    -12      8     -9     -4    -44     28     55     -2     15    -40      1     71   -256     49 
    37   -265     28     17      8      3      7      2     -3     -2     10     12     50   -108     15     55 
  -123    -13     -4   -131     -2      3     34    -26     49     67     50    -22    -82    -42     19     63 
    38     22    158    128    -23    103     84     19   -110     -6     19    -72    -46    -13    -93    -96 
    -7      4     -2    -15      5    -15      0     12      3      6     -6     -3     10     -4     11      8 
     5      2      2    -18      4     -1     24     58      9    -15     -3     -9     -4     -6      3    -22 
    -1      3     12    -27     -7    -11     14     16     19     13     15     25     28     -8     13    -16 
    18    -12    -12     -8      3      4     14      2      3    -15    -16    -12      2      4     12      1 
    16      5      0     -6    -24    -28    -18      6     -1    -32     -3      7     -3     -6     -2      9 
     9     18     12      4     -7     -1      3    -10      7     -6     24     82     80     46    130     79 
    42     82     56      6    -11    -11      3      1     19      9    -11     -2     11    -12    -22     35 
   -19    -39    -10    -19      4    -37   -100   -142   -170   -459   -315    -32   -116   -128    -10     -1 
     5     -6     41      4    -13     15     -5     73    -13    -92     -6    -19     12    -27      4     82 
    22     58     61     76    177    117     31     67     70      7     11     -7     -1      9    -25     -5 
   -23    -15    -14      0    -13    -21     12     -9    -10     -4    -12    -73      9     84     -8    -20 
    26      5    -33    -54      2    -10    -14    -45    -43    -11    -20    -11    -36     19     27      3 
   -29     12     44    -23      3    -12    -53     27     62      2     70      4     60     16    -79      3 
   -27      2     31    -13     -7     -8     -6      0     -4      6    -82    -76     -5      5     41     19 
   -74    -19      0      5    -25    -11    -12     -4     -7     -4     15     -3      4     14    -24     25 
     5     -8      0    -37    -30      8    -41    -77    -58     -5    -52    -77     20     18    -11      9 
    -3     28    -19      4    -11    -21    -29     41    -23     11     35      5     14    -20     -8      2 
   -14     11      1      9      6      8      8      8     18     -9     25     -9    -38    -11     20      6 
     0    106    -36     25     78    -20    -70   -136    -51     13     20      9    -25    -42    -42    -11 
    27      6     16     46    -12      8      1     61     -3     23    -30      4    -11     -1    -13    -25 
    -2     -4     17     -1     -9    -60    -14    -54     -7      9    -26     40    -29     15     17    -24 
   -10     49    -28    -21    -27     75    -16    -53    -26    -12   -124    -11    -26     -2     44    -25 
     2     31     23     29     11     41    -38     11     39     27    -28    -49    120     48     -9     29 
    74    -74     69     -3    -78    -72     16     90    -44     -5      1     11      2      9     11     16 
   -22     33    -19     25     28     -7    -89   -235    -55     24     51      1      2     58      9    -11 
   -29    -21     10    -80     -8      9     30    -30     12     50      1    -27     13    -20     37     15 
     0     59    -38     11      5      9     34     17    -19     25    -15    -41      5    -36     29    -15 
     6     15     -3     28     66     33    -35     -7    -45     -7    -60      2      8   -108    -69     29 
   -80    -93    -32    -22      4    -16    -21     11     14     36    -65      5     49      5      3    -31 
    -3      7     31      1     -7    -51    -12     -9     -5     15      8     14    -18      0     71     15 
     7     43     69    -24      9     21      3     31    -15    -31    -46    -50    -25    -15      8    -53 
  -254      1   -137   -296   -111     15    -18      5      8     44      6      8     54     16     36     -2 
    71    -68    -72     -7    -26     28    -26    -37     31     -9      1    -52    -30    -49   -153    -48 
   -72   -116    -23    -22     -7     38      8    -36    -16     24     34    -35     14    -20     -1     10 
     9    -45     21     23     -5     12    -30     18     -9   -234    -86    -51   -257    -82    -29      0 
   -16     -3     66     33     21    -10     -8    -47    -12     17    -35     21    -25     17     12    -64 
   -12    -13    -18    -26    -49    -12      6     17     -6    -12    -46     -9     22     33      5    -13 
    -1     -8    -22    -13    -22    -12      8    -16      6      0     -2    -14     33     -7      8    -15 
    10    -18     10     -7     19    -24     25    -16    -13     20    -16      3      4     -8     -6     -7 
     0     -8    -17     -4     16     -7     -3      2     23      8     15      3     10    -21     -9     -4 
    10     -9     23     -1     -7     44    -38      6      1     -6     -9     15    -27      1      2     17 
     6    -28     19      5     11    -17     11     40    -46     -6     51      8    -45     -9    -44     17 
     4      1     19    -26    -29    -28    -41    -43    -17    -15    -50      2     -3     -8     19     10 
   117     58     26      6     -9      0     15   -110      1     -6     13    -14    -41     87     -5    -18 
   -48     10     14     10    -17    -19     53    -18   -205     11   -212   -345   -139    -59    -18    -53 
   -42      4    125    -16    -29    -24     77     51    -94     22    -23      9     19     27      4    -22 
     2     29    -10      3      0      5     29    -23      1    -45    -31     89     24     97    149    320 
    93     -1    133      0    -24    -25     42      7     11     31     25     15    -34     18     42    -51 
    38     18     43    -19    -55     56      3     42    -21     52    270     -6      0      9     -3    -64 
  -135    -66    -49    -70    -46    -16     37     15     41     -4      3    -17    -27    -14    -16    -54 
   -43     -4     22     16     11     15    -11     10    -24    -33    -16     43    -18     -4     40     -9 
    25      7     11      1    -19     65      3    -13    -28     10     -6    -49      2     32    -19     11 
    17    -21     -1     14     -4     -5      6     21     -9    -36    -51    -23    -87    -45     -8    -19 
   -14     17     -8      7      5     23     14     -1    -23    -15    -24      2      7     -2     29     15 
   -11     -4     36     -1    -88     44     11    -24    -17     -6     13      8     -3     13    -12    -10 
    -7     -6    -24   -121    -83    -96   -289   -117    -53    -91    -40    -16     29     39   -100     -1 
   117     17     -4      4     -6    -34     48     73    -66     69     19     13     -3      4     56     -3 
  -124    -53    106     15     -9    101      0      7    -59    -21     -1    -19     28     59     -3     74 
   -45    -13    -53     38     61    -42    -26    -23     -1    -22     14   -136    -47    121    -51     21 
    44     27    -30     20    -29    -90    -80     -1    -55    -58     -1    -36     -3     60     -8    -28 
    -4    -10     -8    -16      2     47    129   -103    -87     22    -56     17    -86     21     35     -9 
    13     13     50     14    -32     -7     23     -7      5     26     56    -14    -11    -20     53    -35 
    30    145     26     42     66     38     54    -59     44     25    -60     23     19    -22      7     39 
    26    -10     41     12     -5     87     38      9      5    -21    -33      3    -16      3     -5    -38 
  -102    -80     42    -21    -12    -44     10     -8    -55    -50    -56    -51     22     26    -15      3 
    10    -24      2     29     -8    -25    -42     36    -38    -74      8     51    -18    -35    -32    -39 
   -28   -298   -262    -12     -1    -66     21    -29     27     72    -62    -45     55     -5      5     17 
   -70    -15     20    -53    -63    -26    -35     -4      1     20     26     16    -12    -22      2    -14 
    34      2     31     25      8     25     47      8     47     -2    -55    -12     26     75    -77    -51 
     7    -40     45      8    -21    -21     53     21    -58     -5    -35    -44     47     27     12     61 
   -59    -13    -11     56     13     68     28     16     -2    -50     64    -20    -41     12    -93     35 
    21   -221     -2    119    -66    -61     36    -35    -24     60    -96     -6    193    -16     32     50 
   -17     18     -6     44     10     24      4      3     -6     17     26      0     36    162     21     -3 
    75     22     -3    -41     14     27     78     50     29      9    -74     26     -9     19     15    -57 
    41    -19      6    -43    -33     48     28      0     42     15     34    -71    -32    -21     55     12 
   -67    -28     54    -24   -133     69     -5    -22    -46    -24    -38    -10    -24     -5     22    -29 
    52     -6     51     13    -19     50    -73    -12     34    130     49    -19     83     79    -52   -193 
    21    -72      1      4     26   -115    -15     17     46     -1     10    -50     13     30     38    -20 
   -32      1     25     -7    -18      7     -5    -39      2     31     96     21    -33    -15    -47   -126 
  -184   -124    -46   -148    -12      9     24     15     14     38      0    -16    -55    -36     46    -55 
     6     37    -95      8    -37    152     16     23     58     29     35     58     29    -32    -38    -36 
    29     34     11     22     24     38    -64   -109    -51    -14     25     17    -46     -6    -29      0 
   -74    -45    -31    -35      2     20    -31    -92     -8     28     25     31    105     24      0    -36 
    26    -18    -42    -12    -14    -84    -26    -20    -80      9     27    106     62    -93   -106     60 
   -63   -126    -56     41     44    -35    -58    -81    -27     -5     60    -54     19     90    -31    -38 
  -114    -10      2     74    -23      7    -47    -18     39     66     22    -19    -55     -8    -16      6 
    -8    -19     -8    -26      0    -16     10     14     13     41     23      9     14     -2   -104      3 
    19     53    -20     19    -52     10     25    -14    -35     22     88     46    -91    -16   -103     44 
     4    -15     92     62     84     -5    -84    -19    -12     30     49      5     43     21     38    188 
    47     46     67     25     -7   -170   -126    -21     27    -68      8     41    -13     -4   -142    -56 
     1    -28     19     -3     19     33    -12    -12     43     14    -70    135     33    -41     29     31 
   -91     49     21    -19     11     46     30    -12     31     54    -26    130    -32   -174    181   -133 
   -82    176      2   -135    -77    119    -45    -81    181   -115    -14     -4    -35      4     16    -51 
    26    296   -148     32    163     70     -1     -3     41    -54    -88    117    -15    -14     88    -54 
     0    -31   -272    189    125   -113     31    -55     -4     -8     55   -122   -167    219    -37    -58 
    83    -36     90     36    -67     -1     27    -11      5     17    -14    -43     24    -31      0     13 
     1     -4     19     54     -4      4     76     99   -144     22      8    -22    -50     47     27     25 
    60     17    105   -130     30    -40      4     -7     21      4     21      0    -10     -7      4   -102 
   -68    -35      6     57    -34     41    -27      8    -24     -7     22    -16     36      2    -27      4 
    -2     39      1    -56     19    -67     33    -44     47    -39     -6    -32    -40     49     77    -95 
   -22     24     12     88      7    -13    -50     22    -35    -76    -78    -57     24     -2     29     71 
   -22    -13      3    -20     18   -124    -38    -26   -186     46     -3    -79     84    -54    -26     75 
   117   -188    -71     -6   -110    103     -2    -24     -4    115     76    -84      5     14    -29    -12 
    32    -75    -74    -20     -6    -18     35     12    -17     31    -22    -35     42    -39    -18      5 
   -15    -22    -21    -11     39     -8     73    -33    -60     14    -32     19     64     35    115    -96 
    22     73    -96     32      7     24      4    -83     16     15    -47    -17    132    -18   -159    208 
   219   -497     -1     33    -21    -45      6     28    -20     19     41     -9    -25     71    -39    -71 
    64    -98   -205    227    -26    -54    128     51    106     25    177    280   -471     67    143   -231 
    23     47     15     -3    -16    -22     30     15      1    -39   -119     16     93    149     13      0 
   -43     11    -80    -61     10    -23    137    135     35     34    -65     71     38     71     -9     -6 
     2    -83    -44    -27    -20     15     70    -42    -38    -33     74      1     78     67    -44     49 
    42    120     45     10    -24     39      8    -48    -97      4   -134     18     31     -4     41   -116 
   110    -20   -256   -204    -42     57    112     27     55    -28   -109   -102    -54    -18    -48      7 
    39    -44     40     -4     -2   -114    -14     14     48      5    -34    -61    -23    -40     19      4 
    -9      8     -2     17     32      0     19      3     31     10    -35      2    -45     88    -58     25 
   -49    -35    -37     73     -1    -19    -31    -26      8    -13     15    -28    -22     13     34     70 
   -17    -28   -163     -5     28    119     25     17      2     12      8     10      1      0      9     13 
   -20     32     -9    -50    -50    -24    -13     -3     33     23     -5     34    -64    -65    -40    -10 
   -68     35    -63    -97     -6      3   -215    -74     24     43     62    -37     40     13     -2      5 
    26     10    -22    -12     17    -29   -105    -48   -176     -1     60     86     30    -48    107     19 
   -91    -53    -95    -62    -16    -57     36    -18      1     78     19      6     16     -6     12    -90 
    27     18    -61     17    -13    -48     -9    -47     19     57    -13    -65    -12    -36    -18     17 
    -6    -50    -27     -6    -35     17     13    -27      9     36     10     15     -2     29    -22     -6 
   -32    -60      4    -48     -8     22     43    -74    -39    -36     43     -1     68     96     34     15 
    34     19     34     33     70    -49     23    -13    -33     38     -9     14     66      1   -114      8 
    -5      5    -14   -164    -44    -16    -62     78     48     45     80    226    147     22    -27     31 
   -19     -6    -38    -29     43    -17    -42    -10     -6    -24   -183    -68      0     -1    113     41 
    52     -1     -3     53     26    -20   -128     97      7    -28     69     -3    -45     61     76    -19 
    27     59     10     43    -13    -38     59     86    -72     64     35    -38   -121    -38    -83    -16 
   -55    168    205    -71     99   -100     12     -7     19    -16     -1     51     17     83     94     56 
   -67    -31    -99   -182     64   -130    -57     63     22     17     58     49     72     69    -73     50 
     9      6    -74    -44     -8   -403   -103     35    -97     14    -29     59     28      6    -80    -33 
    19     -2    -30      0     -4      7      9     30     46     37     39      9      4     10    -20    -24 
   195     43    -22     37    -55      3     26      4      4     -6    -13    -22     25     -4     37      4 
     7     26     29     48     31    -55     69    -11     -5     -8    -26     10     14    -10    -18     21 
    14    -21      1     26    -10     25     12     -8    -25      5     21    -13      6     29    -68    -28 
   -97      3     44     67     31    -14   -211   -199    -30     29    -22     25    -38     27    -32    -41 
    59    -42     35     23     12     83     34    -34     54    106    -10     26     87      5     10    -23 
   -26   -119     26    -23     91     55     -7    -24    -32     41     23     61     28     -8     20     91 
    32     47     43   -105    -97     39    -23      4    -37     40    -19     14     12    -49    -35      5 
    16     23     48    -44    -71    -11    -84      9     23     29     19    -50      4     48     51     42 
   -29     44    -45     28     81     13    -23   -112   -195    -26    -92    -36     79    -81   -142    -20 
   134     51    -72     54    -93    -58     12    -49    -43     14     66    -36    -13     78     40    -58 
   -66     -5    -16      3    -37    -66    -64     25    -19    -40     36    -20     60    -38     34     69 
