    35    -11     -1      7    -19    -15     27     68     12    -12      8     23      2    -10      4     33 
   -11     17     24    -15     25    -31    -40     20    -11    -42    -35    -12    -20     13    -44     50 
    83    -16    -55    -41    -80   -182   -130    -43   -182    -15    -27     20     23     17     58     10 
    13    -58    -24     19      0      4     32     70    -31     -5     85     -9     24    -60    -28      7 
    10    -25     22     25    -32      5    -14     11      6      0    -25      1    -41     16     29     39 
    31     40     14     36     51     56     38     28     24      9     45     29    -16    -12    -57      4 
    48     32      7    -38   -128    -44      6    -91    -34      5     87     11     23     20     16     30 
   -16     -8      3      0      2     47    -15      5     29    -48    -17     -9     53     43     29    -47 
    57    -10     18     24    -25    -47    -58     15    -17     10     -9    -18     21     -3    -11    -52 
    -8    -32    -19    -10    -20    -10     16    -32     -9     32     88    -21      7    -20    -76     -2 
     4      0     23      4    -35    -11      0     -8     32     39     18     27    -10      1      6    -41 
    32     14      1    -19     21    -16    -15    -10      6     26    -13    -13    -29     14     66     58 
     2    -59    -43     55      1      4    -19   -139    -75    -10    -95     10    -31     35     13     68 
   187     37    -36    -61    -47    -39    -26     24     63      4      6     -2    -47    -19     16     43 
    30     43     83     25     15     48     50    -26    -16    -37    -32   -140    -81     -5    -83      9 
   -12     66     32    -12    -12     41     23     11    -16      0     19    -21    -13   -175    -53    -27 
   -33     15     -6     12     42      5     -5     -8    -19     -1      8     -3     50     -3    -23   -111 
  -144     34     62     47      7     29    -23    -19     44     25    -25    -39      3     20    -30      4 
    31    -17     -7     33     -3     -7     27     65     11    -17      7     21      3     19     79     -7 
    -7     -9     61      2      8     36     47     17    -23    -41    -50     36    -10     48    -52    -21 
     4      4      5    -31     18    -48    -65     32     14    -78    -10     86   -105      8    -24      6 
     1    -46    -15     13    172     28    -23     31     14     36     22    -57    -12    -95    -42     22 
     9      6     41     36    -21     51    -15     -2    -23     57      8    -27     23      0    -22    -38 
    10     15     -6     -2      2     -3    -48      8     -2     -9    -14    -16     12      8      3     14 
    -1     41      5    -45    -72    -43     -4    -57    -32      1    -22    -19      5     18    -27     67 
    16    -32    -20    -59     -8     31    -23    -20     22     10     32     19     43    -22    -28    -67 
     4    -30    -20     -3      7      9     -1     16     -9     38     33    -34     45      7    -51    -11 
   -36    -79    -12    -19    -57     -3    -29     36    -11     42    117     62      9     44     -8    -14 
     0     26     38    -43     28     45     33      6    -17      9    -21     32     31    -23    -21    -29 
    18    -13     67    -15     51    -18     50    -15    -56    -35     19      6    -33     44     17     17 
     7     -1     20     34    -13     32    -55    -94    -40      9    -40    -19     46     32      0     41 
   165      9    -32     81    -20   -100    -92    -30      1     -2      6     16    -10      8     28     61 
   -28    -15    -75    -36    -31    -76    -49    -72   -180     25    -61   -138    -27    -29    -75    -29 
    24     34     24     34    -35     -7     29     20      4     36     98      5    -23    -65    -47     13 
   -26      7     25     17     18     22    -36     -8    -17    -25     11    -15     15    -24    -13    -40 
   -53     32    -36    -51     88     37    -58    -12    -18    -33     -8     11    -22     48     -4      5 
   -13     12     23     11    -17      9    -20     38     -4     -7     23      8     13    -48     22      2 
   -30     19     22     42    -95      9      1    -18    -20    -24     85    -22     68    -44     10     66 
    80    -10    -43     74      5     16     28     22     35     -8     14     15      0     14    -11     15 
    13    -34    -39      5     17    -24     63   -155     -2    -15   -121    -25     50    -65     66     12 
  -125    -14     17   -136     15     -1      8     31    -12    -23     35     18     13      6    -25     -7 
     7     14    -43     37      8    -33    -39    -10     46     17      6     30     18     -2    -11     24 
    18    -11     14    -11    -35    -15     79    117     19      1      2    -35    -55    -60    -45    -38 
    39     29      2     42    -28    -13     28      7    -22      1     45     11     24    -26    -25     44 
   -26    -16    -11   -148      1    -27    -50      4    -19    -83    -22    -26    -14     20      0    -10 
     7     29    -16     19    -80    -78     10      4    -26    -19    -70     71    -16    -13     69     16 
   -53     12    -26     49    -35     20      6    -51     21    -41     -5    -10      5    -23    -53     89 
    -1    -51     59      5     47    114   -104    -20    -67   -130     -5     -8     17    -18     35    -98 
   -25     32     70     13    -13     12      8    -10     38      7     23    -37     10     36    -18    -71 
  -138     32    -48     23     49    -17     52     41     -7     24     32      0    -36      1     15     25 
   -12     -1    -17      9     -9    -32     18     11     16     14      5     18     25      9      7    -17 
    19     35    -19      4     -8     42      9    -37    -39     20      7     44     36    -34     16     32 
    10    -68     -6     76     -5    -56     27     22    -64    127     17    -58     11    -10     -7      4 
   -10     68    117   -113      6    -37    -55     43      4      6     -1     50     79    -10    -15      4 
   -22     60     16    -22     15    -20     26    -51      3    -12     -2     10     -8     35      5     19 
   -11     20      1     -8    -18     49    -19      5     94     74     22     43     13    -47     18    -16 
   -28     47     47     38      5     21     52    -34     89     52    -42    -28     15     23      0     -5 
    -4    -13    -11    -15    -25    -28      2     26      0     -1    -31     20    -31     -7      6    -75 
   -23     -1      5      6      0     14    -20    -21    -21     28     21     -7     23     -6    -13    -20 
    -1    -12     27     18     -7     -7     36      9    -29     -1    -29     15     13     -7     45    -15 
   -15    -43     14     23    -51     11     10    -17    -15    -13    -28      5      6    -72    -11     21 
    55      8    -20    -19    -39    -35     71     11     -2     55     -3    -24    -69     11     54     57 
   -24     -4      1    -12     11     81     27      5    -73      8     42     49      9     27     83      1 
   -33      9     20    -72    -52    -51    -12      3    -47    -11    -22     35     22     72     69     26 
    60    -21     -3     22     26     54    -23     -8     33     28    -38    -60    -14      5      0     31 
   -21    -22    -29     14    -10     48      9     27    -85    -36    -34    -31     28     -2    -16      5 
    52     40     -5     82     39     55      4      8     39    -44     45     55    -50    -50    -13    -62 
   -77    -16    -10     32      8     20     78     22    -24     72     22    -21     10     -8     15    -72 
    12     13    -37     -2     17     60    -25     20     39     23    -12     22     36    -49     60     46 
   -67    -48     14    -42     16     -5    -46     19      9    -35    -76     -9     13    -16      8    -69 
   -25    -26    -59    -69    -36    -24      3    -24    -40     73     -8      2     42     57     -6     75 
    34     63     22    -26     -2    -14    -86      6    -55    -30     15      5    -29    -10    -13    -42 
     0     26      1    -17    -12     -9      5      3     -3      6      6    -36    -13     31     28     21 
   -37     13    -42     16      4    105     27    -41     17    -66     -6    -28    -46      4     87     93 
     1    -33    115     55    -33     74    -11    -24    -12     12     -8     35     33    -12    -25      6 
   -12      3     30    -53      2    -24     43    -43     25    -46   -146    -19    -56     -5     22      8 
    21    -15     18    129    -33     17     32    -63    -11     -7     29      4      0    -46     -4     40 
   -59    -23     -2    -49     26    -94     40    -12    -49      1    -15     24     -2     44     26      8 
   -25     23    -28     18      3     -7    -51     -4     60    -44     71     19     70     26     41    -24 
   -33     41     39     54     19     -6     36      5     13      6    -16      9     -2    -35     19    -12 
     8      3   -161     68     54   -164     54      6    -66    -27      0     48      3    -37     42     99 
   -27     13     40     16      0     52     39    -35    -35     19     32     55    -13    -66     -6     27 
  -101     14     33     -9    -23     -3    -33      8     22    -45     20    -44      9    -47    -68     75 
   -26     23      3     -2     32    -19     38     47   -135     45     34   -172     83     18    -30    -53 
    79     49   -108    -65     76    -13    -15     11      3    -54     25     12     -6     25     10      9 
     8    -35    101     31    -93     38    -33    -60     12     44     26    -17    -49    -16      4     32 
   -20     -4     -5     24     -4    -15    -25    -17     24      0    -19     16     26    -37    -11     33 
    11      5     20     -5     41      6    -33    -39    -48    -13     48    -12    -15     24     -2      4 
   -35     41     29     27    -34      8    -24    -15     16   -180    -10     41    -78      5     -1     20 
   -37    -47    -32     79   -110    -64    181    -13    -61    -29     33    114    -65    -23     25    -69 
     8    -24    -18     54    -11   -145      0    -40   -102    -13      5     46    -37     28     53     -6 
    11     34    -15    -26    -39     25    -27     19    -33     15     64     -4    -14     83     12     -1 
    57    -78     38     14     10      6     22     53    -22    -77     50    -98    -64    -30    -25    -26 
   -34     46     -7     -5     77    -14    -25    -81    -26   -119    -41     30     17     29     14     13 
   -38    -26      3     10    -88     22      4    -62     -5    -27     -5      4     44     -1    -35    -10 
    -9     42     17     22     49    -37     11     13     33     91     45    -13      3     33    -36   -118 
     4    -34    -82    -27      9     33    -46      4    -22    -56    -99    -76     16    -81    -93    -14 
    -5     19    -41    -54    -38     31      8    -32    108     -6   -171     -9    -67    -75     26     16 
    31     16    -26     37     36     -7     47    -19     -6      1      9     56    -67     16     17     72 
    19    -12     -1     10   -102    -70    -51    -57     11    -38    -36    -12    -44     75     68     51 
    35     24     -5     -4     -8    -48     13    -37    -11     38    -10     85     34     34     58     26 
   -54     20    -62    -50     -4     46      0    -11    -24     54     23     27    100    -40   -100    -36 
    -9    -24     17    -52    -25     45     15      6     52     62     20    -76     54    -89    -41     23 
   -89    -61     10     55     41     53     25     21     -4    -10    -16     81      6   -144     17    -40 
   -97     -5    -50     10    -65     -6    -57    -19    -10      2     -3     21     48     85      4    -67 
    31    -98    -87     21    -21    -27     59    -81   -147     22    -38    -13     11      4    -40     30 
   -61   -100    -13    -49    -65    -10    -49    -78     50     -4     -3    -54    -50    -50     14      7 
    25    -20     13     -4   -127     21     27     72     74     24     21      2    -47    -52    -37     22 
    17      4     33     -4   -124      3     55     -4      4     21     22    -40     -3     45     15     10 
     4     24     11     30      6    -20     17      0     -7     16      3     69     14     26     59     71 
    62      9     25     29     34     23     28     22     -4     44     17     14     20     10     39    -17 
    -2     -9    -23    -14      8    -12    -78    -22      7    -10      2    -26     18     39     16     -6 
   -88    -34     40   -110   -135     -8    -38     -9    -21    -18    -32    -50    -28    -63     23    -32 
   -25    -36     -4    -56      1     -3    -58    -16     31    -36     29    -23     51     14    -98    -23 
    31     19     -6      2     31     10     -6     33     18      3     82     44    -23    -28    -40    -20 
  -117    -43      4     34     17     65    -26     32     29   -133    -36     16     -2      3     -8     21 
    35    -55    136      8    -66    -17     22     -4     17      3     27    -13     -1     12     53     32 
   -10     67      7    -12     33    -19     -9     -2    -19    -30     67    -28     -6    -76    -56     21 
   -33    -32      0      8     47    -47     64    136     -1    -13      7    -24    -28    -46    -55    -67 
   -29    -93     16    -14      9    -22     43    -58     29     52    -12     13      8    -24    -20    -53 
   -63     46    -36    -70    -18      8     16     13     16     33    -19     30    -13      1     40     19 
   -79    -55     -2    -20    -31    -17   -107    -13     55    -16     24     16   -108     -7     40     -3 
     1     -8    -20    -19      5     51    -12     -9     14     -6     36      6      7     35    -24     19 
    -2     12     44      2    -10     -6     15    -96   -122     27    -18    -53      0     -3     30      5 
    18    -18     13     45      7    -48    -61    -13   -139   -110     18    -68    -36    -20    -17    -14 
    22    -83     88     76    -56    113    103    -15    -12    -47     25     22    -78     -5    -56    -13 
   -18     83     37    -60     55    -51    -20     48      5     51    -78      0    -18     21      0    -20 
    -3     -8    -50    -75    121   -126    -45     19     -7    -95     92      8    -48    -64    -69     32 
     2    -26     58    -20    -47     -5    -56      7    147    -54      3    -17      3      2     -7     19 
   -11    -10     31    -25   -147     33    -76     -3      6    -26    -38    -11     -6   -110     98     31 
   -94     83      8      4     30    -16    -46     66    -49    -28      0    217     60     25    -44   -123 
   -43     -6     25    -26     30    -41    -32     46     -1     37     10     35     14    -41     83    -67 
   -46    -13    -14     73     40    -28    -67   -107     25    -25    -59    135     45    154    -18    -74 
  -113      1    -25    -20     45    -11     33    -34   -100    122    -69    -59     24     18    -95    109 
  -130    -29    194   -178   -110    -33      6     37     57     -7   -160   -159    -41     21      3     89 
   -37    -40    -91    -23     59     50    -53    -49    -68    -16     38     34    -57    -71     10     52 
   -63     31     29     34     35    -27    -83    -29      8     20     -2     47    -43    -12     51     30 
    -1    -97     68    -34   -138     62    114     -4     29    -92      1    -49    -71     63    -50     65 
   -88     31     68    -51    -23    -20    -48    -17    -72    -21     78     42    -11     38    -79     19 
    -8    -26     15     17     36    -95    -86     10    -79     70     -4     -8     83    -45    -26    -44 
     0    -14     14     13    -46    -78     23     73    -15     87      1     56    -78    -26     -1    -43 
   -30    -19      2      7     88     44     27     48     -2     66      5     63    -18     -7    -66    -15 
   -86     21     -1    -66     44   -101     49     28    -46    235    -93    -79     57    -49     58      0 
    -1    -73    -77   -135    -43    159    -65    -92   -145     76    -16   -112     50    -30    -58    -37 
    -8      3     36     -1      6     28    -32    -50    -10    -18   -144    -65     11   -226   -200    -15 
  -185    -80    -14    -36    -12      4      1    -32    -14     40    -53    -12     13    -10    -24    -30 
   -12     22     43    -51     -1      7     12     58    -13     18    -11    -79     14     -2     33    -39 
    15     80    -86    -22     18     21    -24     13     -6     18     -1      4    -19    -44    -36     -1 
    11    -22      6    -15    -37    -18    -15    -27     14    -11    -24     40    -15    -24     -2    -25 
   -55     47      1    -12     21    -26    -60     10    -21     -9     -6    -27     -4    -24     -4     20 
    27     -5     55      7     25     19      6     -8     17      5    -29     25      3     -2    -18     24 
   -25    -76      5    -38     -7    -35     -7     28     15     39     -2     -3    -65     23      2    -25 
    22     -9    -23      7     10     -3     25      6    -47    -13     -9     -1    -37     22    -13    -28 
    29     36     51     10     28     24     26     35     13     -7     25    -18      4    -17    -39     -7 
   -15    -17      2     83     80    -39    132    183     24    135     51     34     17     -4      6    -25 
    18     38     23     20    -19    -24     55     26    -17    -16      2    -25    -41    -13     17    -19 
    35    -11     15     53     31     -1     -1     12     14    -13     -5     24     -4     -5      2    -15 
    -5     -2    -16     15     -1    -20     27     26      8      7      0    -10     12      9     -7    -45 
    20     66    -98    -27     57    -30    -93     18    -33    -12    -26     32     16    -27      5     26 
   -19      5      8     39     59     16    -19     16     -8     -5     58      6     19     18     -5      2 
    12      5     -6     15     -9     28     17      8     10     16     12      9    -14      2     38      2 
     4     33    -22     -4     33     31    -11    -18     -2     -1    -32    -16    -47    -17      6    -27 
    -1     10     -1    -49     -6    -30     32     43     20      7     -8     21      9      5    -21    -10 
     9     -4     24     56     13     17     31     55      3    -66     12    -13    -34     40     50     34 
    61     -9     -1     14     12    -21     53     40    -15     13     14    -35     17     23     10    -12 
    18    -27     -7    -11      2     25     29    -44    -31     17     17    -14    -36     33     60    -16 
    83     21    -50    -41      4     -6     76     51     -7     29     -6    -32    -30    -27      5     15 
    -1     15     14     20     -7   -108    -29     37     40      1      5     -5     -4     -2     -5      6 
    20     37     32     12    -88     29     33    -19     59     32    -21     13      0      3    -45     36 
   -11    -21     41     46     32     -5     26    -30    -35    -19    -17      8     48     14      9    -86 
   -41      4     30    -38     26    -15     24     10    -63     36     -2    -13     60      5     39     25 
    26     84      5      9   -111      8     -4   -148      2     44     32     42     -7     43    -49    -43 
   -45     11    -12     -5     23     18     -3     29    -23    -20    -32    -71      8     -5    -89    -60 
    23    -13     45     21     24     20    -27     43     66     -7     34    -19    -18      6     61     25 
   -32     32     13    -25    -30     23     34    -44     15     21     42      1      8    -69     22    -19 
    16      7    -38      6    -26     -9     57    -62      4     19    -12    -29     -4    -24     16     45 
    17      8      7     15     20     40    -12      8    -17     -2     31    -31     13     11    -16     -1 
    35    -35     35     34     22    -47     49    -31   -132     49     34    -42      3    -63    -42     40 
   -22      7     45     38     38     29     72     11     -2    -65    -74      3     13    -34      6    -14 
   -34     63    -81      6     55    -22     21    -33    -22     31     51     -1     -6     13    -44    -10 
   -12     -3    -40     34     61    -22    -12     -6    -52      2     -7      3     -2      8    -27     -9 
    -5      3    -19     38      9    -21     78     20    -20     34      3      3    -30     -8    -42    -44 
     9     11    -11     63    -16     -1    -14    -35     22    -32    -28      2    -27     16    -10      8 
    19    -25      9      2     24      2     57     44     11     38     75     26     22      4     25     -1 
    19     15     24     51     38      2     35     34     18     16     34     21     43     43     35     35 
    25     39     66     30     60     69     72     11     92     48    -21     -3    -32      5     46    -14 
   -24    -17    -29     31     55     17     67     80     48     44     31     28     34     49     16     36 
    92     14      3      4     -3    -22     -9    -11     -9     46     -6    -36    -12    -17     28    -61 
   -33     26    -41    -12     31     25     -7    -10     26     13     18      4     66    -22     19     20 
    38     30     17     22     98     31      1     32     -9    -22      8     34    -34     25     39    -15 
    -5     46     -2    -28     -5     19    -22      8      3     -5      5      9     51     42      6     77 
    18     12     38     10    -22     13      7      9     40    -14     27     47    -11     66     50     12 
    10    -27    -33     41     -3      9    -23      1    -16    -20     64    -26    -14     12    -19     21 
    94      8    -15     47     24    -20     10     -3    -35    -14    -24     15     42    -12    -17    -26 
   -27     -1    -45     -4     -6     -9    -10      7      1     -1     -7     -4    -16     -6     50    -17 
   -17     -3     -3    -28     17     15    -12     75     12    -19      0     21     27     55     45     -5 
    57    -25    -28     -3    -20     -1     28     10     18     73     27     17     45      4    -30     11 
   -17    -31     64     31    -43     49    -21     23     32     48     47     53     58      7     33     32 
   -20    -27    -20     20     -5    -26    -13     -7    -46     24     74     27     32     11   -112     21 
  -102   -117      1    -38      0    -16    -15     10    -32     57     69      9      6      9     -6     -6 
   -17      5      2    -19      4     21     48     33     28    -26      0    -72    -59     -8     -6     -2 
    51     22    -82     32     27   -127      3    -58     -9    -34      5     25     40      3     39     -9 
   -11     25     -2     36      5      0     52      9    -15     -4     19    -31      9    -67     -7      3 
   -47     25     12    -36    -23      2    -51    -60     45     15    -29     62     12     15     -4     33 
    31    -55      0     18     24     16    -31     14      3    -10     12      1     -4     27     26     -5 
    34    -18     30    -16     -5     -9     22     -1     17     16    -20     22    -28    -25    -25     -7 
    -6      8    -51     75     18    -16      4    -27      7      7     -2      6    -20    -16    -49    -32 
   -56     -5    -19     16     32    -17     -1     36    -25     39      9     40     -1     59     38     29 
    33     -1    -24    -41    -41     17     13     77    -41    115    161    -27     38    -33     35     -6 
   -19     10    -23     16     16     20     -8     -6    -36     46     21    -13     23     -4     14    -38 
   -75    -26    -45    -12    -32     11      0     32     37     46     24    -49    -11    -25    -33     37 
   -12    -18    -39     28    -24    -47     -5    -16     -7      1      6     17    -10    -14      6    -10 
   -40    -23     13     66    -42     26    158     -9     13     89    -14     37     28      8     13     -5 
    25    -16    -11     21     29     37     22     33     19     -7     25    -31    -33    -24     40    -14 
   -18    -19    -29      7     -9    -26     26    -23     23    -20    -12     -4    -63    -32     -3     25 
   -12    -26    -26    -54     -8      5     51     12      7    -13    -38     40     30    -10     49     16 
    28     26     24    -18     29     24    -38    -17     39    -15    -19      3     10     28    -64     34 
    32    -51     24    -17      1     31    -59     12     41      4    -52     -1    -35     16     81     -1 
   -58     92     75   -154      5     44     26     29     21      6     50      2     19      8    -21    -22 
   -20    -16      1    -28     -1      9     55     26    -35     10    -48     -5     46     34     19    -31 
    45    -24    -24    -97     26     -9   -108     -5      5      0     -7    -25    -52     25    -34    -50 
    53    -51    -52     32   -109    -18    -29    -43      0    -10    -13     17     28     22     -4     28 
     1    -10     29    -20    -19     -1     -3      7    -11     23    -64    -10    -15    -45    -11    -55 
   -77     10    -44     29     16      9     18     26     30     15     21    -37     -9     26     11    -10 
   -43     62    127    -65    -37     55    -14    -11      5     35     15    -46    -28    -18    127    -61 
    38     32      2     38     -3     33     34    -54     10     -6     -9      4    -80    -20    -45     44 
    35    -63     -2     12     22    -16      6    -25      2     63      1    -42     -4     22    -44    -13 
     7    -30      6     10     16    -17     16    -72      6     27    -65    130    -17    -24     11     -6 
   -24    -82     24     -8     29    -42     16      4     23     30     13     36     19    -15     16    -25 
    -2      6   -116    -44     71    -93    -43     84     -3     19     38     17     11     21    -39    -26 
    64     22     26    -14    -32      6     -3    -22     31     23    -16     27      5     23     42     14 
    44    -45     18    -31     24    -25     39    -28      9    -13    -94     20     23     12     31     46 
   -38     51    -32    -58     54     -2     -2     31    -93    -23    -45    -78     26     27    -14      7 
    38     32     28    -89     85    157   -176     -7    -40     49     36   -106     -4     88    -45    -24 
    20     34    -16    -34    -47     32      4     35     -4      7    -39    -19     13      0     -8     -4 
     0    -26    -12    -63     -6    -22      6      8     18     29    -45    -49   -103     10     27      0 
   -59      7     43     83    -26      3    -22     16    -51     63    -29    -18     -8     13     16     11 
    19     10     -2      1     -1     -6     19     55     33     34     17    -31    -66   -133    -82    -28 
    52    -33    -11    -40     50      9     10      8      0      2     10    -10     14      3    -16    -27 
   -22    -30     35    -72    -56     -6     22    -33      2    -57     29      9      2    -17    -49     28 
    28     37    -20     41     40     10     34    -65     70     -2    -22      2     32     63      4      9 
     0    -16    -45    -51     21     15     17    -26    -41    -24     33     12     55     -6     -3    -11 
   -31   -102    -28    -66     43     52    -68    -29    -82    -52     -1    -47    -66    -27     66     14 
     0    -18    -14      6    -59    -25     35     93    -18      8     82     27    -44     16      0    -43 
   -55     13      7    -32     -6     -7      5    -49      3    -33    -22     14     38    -33    -75    -87 
    37     18     92    -19      1     54     97     -4    117      8    -19    -61   -157    -66   -145    -31 
    78    101     -1     27     89     70     14    -16    -18     15    -63     36    -17     -9     -9    -34 
    45     -6      3     74    -39    -10    -24     42     35     17    -22    -23    -18     63     15     34 
   -38     15      7      5    -17      0     -4     26     24      5    -13      9    -28     22    -67     36 
   -12     -3    -12      4     54     -7    -13      1      5     18      1      7    -24    -38     22     29 
    14     15     12      4    -46     -6      7    -13     57     53     77    -36     20      8    -11     14 
    22     -6    -33    -17    -26    -46    -26     29    -77     -7      9    -27     21     32    112     58 
    19     30     20    -25    -22     17     21     42     12    -25    -26    -36     -1     22     -4      3 
    17    -24    -26     -8     10     22     42     23     25    -21    -13     21    -14    -41    -40    -52 
   -67    -18    -66    -43     16    -29     17     -7    -72     39     29    -11     39      4    -40     -2 
     8    -37     29      2    -19     16     -2    -46    -14     61     19      6     24    -33    -34     -9 
    -3     13     21     20     58     -9    -41    -20     15     20     15      5     25     28      4     25 
    41    -31    -35    -24     -4    -53    -10     23     29     12     36     39     14    -12      2     -1 
   -16     58     14     26     -6     -1    -77   -160    -29    -76   -130    -34    -26      2     25    -32 
   -25     22     11     -2      4     12     21     23    -32    -26      4      1     37     40    -19     24 
    37    -23     19    -28      2     10     31     -7     -7    -30     42    -33     27     33     18     33 
   -59   -100    -28    -56    -69    -37    -30    -43    -41     39    105     26     59     28     18     20 
   -66     -5    -10    -32    -42    -45      8      3     11    -21      6     12    -13    -13    -15     22 
    38     -3     16     -1    -31    -32      0    -32    -36    -24     34     23    -58    -15      5     16 
    28     87     28     -2     19     49     12    -78     26    -14   -127     46      5      1      2     -1 
    37    -42     79     66    -21     18    -54     56     -4     16     40    -25    -14     17     -1     33 
    39    -21    -22    -16     11     73     31     36     13     29     26    -66     28    -35   -135     45 
    10    -28     12      6     48     31     25     45     -5      2     33     49    -49   -140    -23    -21 
   -84     -3     31     38     27     27     -3    -17     16     20    -22    -19      5     19     15     19 
    26    -17    -28    -23     13    -16    -32    -21    -16    -52    -47    -19      6    -58    -41      3 
     9    -15      7     26     -8     48     16     -4     34     21     27     11    -33    -24     20    -18 
   -16     28      9     10    -36    -34    -33    -20      9     44     48      9     34    -19    -29      0 
   -67      3     69    -20      9     -2    -20     -4    -62    -25    -27   -126    -62     -6      3     23 
    42    -12     28     -4    -36    -16    -40    -21      5    -10      7     -9    -20     72     34     11 
   -10      7    -14     17     12     53     45     17      8     41     14      9     -7      5     22     16 
     5     42     15     57     23     -2     16     12    -23     20     24      9     15     26     -4     37 
    -2     15     19      3    -20      0     23    -38    -17     47     44    -24    -20    -33      6     30 
    -3     20     29    -19     27     24     -5     18     13    -34     32     31     -3     13     -9    -27 
    30    -38     37    -26    -12     -9     61    -14     12      8    -55      0    -22     35     92     42 
    25     -1     28     13    -51    -11    -44    -48    -23     11     -4     26     35      2     26    -15 
   103     45      6     -1      8    -11      4    -56    -11      7     11     28    -30      2     47     -3 
     5     26    -16     21     12     11      7    -23    -15    -19    -55     29     41     -9    -15     10 
   -18     11     41     42     77    -12     16     12      9     21    -71    -35      0   -103    -44     -8 
   -41    -17    -61    -30     -8     73    173     22     16      6     30     25    -18     29     20    -10 
    19    -26     -4    -19      4    -47     17     13     16     32     34      8     25     22    -72    -22 
    -9   -115    -55     63    -21     30     49     -7     69     27     26     12     12      4     -1     -8 
   -99    -44    -18   -124    -71     -1    -31     -1      8      4    -30     47     27     34    -14     -2 
    -5     -9     45    -14    -27     45     -1      4    -23    -28     43     -3    -39     38     19    -46 
   -14    -90     33     27   -102     38     56     13     45     17     40    -13     36      9     11     10 
   -16     14     87     32      9     89    -24     -1      5     -2    -24     34     93    -19      2     75 
   -34    -29     12    -61     30    -16      0     36     16      0     21      5     21     -1     25      5 
   -37     20     -6    -17     -9    -24    -23     10     25     23     77      5     27     18    -38    -12 
  -128    -32     44    -52    -60     16    -67      4    -46    -69    -25    -28     19    -11    -35      4 
   -18    -70    -46    -20    -49     16     38    -13    -20     23    -13    -77     48     52    -75     12 
    46     24     51    -27    106      3    -17    -15    -67     13     22    -43     -3     81     49    -52 
   -57    -38    -22    -53     -2      4   -107     20     28    -84     54     38    -15     67     -7     95 
    61    -25    -16     26     36     37     -5    -33     50   -107     30     20   -134     36     -8     -4 
   -41    -38     -8    -35     77    -51      3     71     -3      0    -84    -53     38      5     16      5 
   -16    -61      4      6     -4     33      4     43      8    -20    -33    -10    -61    -10      9   -106 
     1    -17     -9     33     47     10      1     47     -4     30      3     24    -41    -32     -9     15 
    15      8     44    -33     26     37    -14     19     -6     -4      1    -12     -7     41     24    -23 
   -91    -52     29      6     43    -12    -11     41     -2   -102     37      4   -110     35     62     17 
    67      6     17      8     18    -28      4      0      6     14      6      3      5     12     -4    -27 
     3     42     41    -32    -77    -26    -10    -16     51     13      0    -35    -64     -8    -62    -33 
    -5    -21     24     71     22    -79    -58      7    -25    -61     79      3    -34     36     55      2 
   -19     -2     27    -16    -20     30    -39     52     63    -55    -44     17    -59    -27      7     37 
    10     71     43    -12    -46    -17    -15     11    -20     20    -10    -24     29    -27      3      7 
    -3      7    -19   -116    -46     21     19     -5     16     24     58     18   -114     -7     56     22 
    -1     28    -51     55     33     30      9     59    -39     11     40    -34    -18      7     18     -6 
   -25     -1     -4    -16     -6      4   -104    -32     54     10     23    -25     80    -47      4      0 
    41      2     24    -22      4    -36     18     17    -23     21      0    -18     -4    -17      3     -6 
    16     12      5    -11    -33     13     29    -14      9      4     27     53     29    -12    -22    -23 
   -18    -11    -26     26      8     40    -18    -16     -1     25     20    -34    -16     24    -13     20 
     9     18      8     25     -1     24     76     29    -16    -29    -14     -5     -5    -35    106    -25 
    28     48    -19    -20     11     21    -90     25    -25     -8     61    -17    -18    -13    -88    -30 
     7     36      9    -19    -24    -44    -18     31     -7    -36     84     14    -29    -37     38     45 
    -8      1     -1    -20      4     -5      6     -8     23    -11     -1     56     12    -10     30     20 
    -8    -56     48     12    -29    -95     39   -104     18     40     34     70    -23     69   -101    -38 
    42     23     -6    -27    -29     28     45     56     51     17    -29    -36     13    -23    -27     17 
     7    -45     20     10     46    -33     17     42     19     70     40     10    -52    -17    -16     -4 
   -33     -6      6      7      3      3     -1    -13     -8     29     57     30     37     43    -31    -21 
    35    -33    -21    -41     43     17      6     -7      4    -13    -24    -16     28    -34    -14      4 
    35    -85    -67     17      6      7    -29    -22     -8     -7     66     18     62      3     11    -76 
    48     -5    -35     33    135      2    -29     -7    -11    -47     29    -11     11     27    -16     35 
     3     12     -5     22    -11     -2     -4     25     -1    -31     -4      1      4     26     21    -13 
     9     15    -34    -11    -17      2     38    -60      5      7    -45    -62     -1     28    -37    -16 
    62     35    -26     59     12     45     -8    -21     -8     26     -3     30     14    -24    -15      5 
    33     27    -30     -6     12    -16     35    109    -35     11     26   -120     10    -21    -48     61 
    51    -30     25     51   -130     -2     53    -22      5     41    -33     -9     19    -57    -12    -29 
   -32      6   -107    -20      7    -31     52    -60      1    -39    -32     10     -2      0    -10     29 
   -21     18      9     16     42    -36    -59     83      2    -45     89     12     -4    -11    -35     -4 
   -54    -82    -24     72     17    -16     10    -12      0    -19     25     -4     33     -1    -15   -139 
    56     35     15     47     27    -47    -42    -47    -11      2     -9    -39     66      2    -25     22 
   -51     47     36    -41      4     -3      1    -43    -15     51     52    -70     28      3   -100     28 
   -15    -26     10    -25     14     32     42     23     24      3     -6     41    -79      8     51   -140 
    12      5     12     -5    -55     88     25     51     85    -96      9    -22    -13    -80     20    -12 
   -26    -55    -43     14    -19     11    -14     31     10    -22     21     14    -31     11      3     90 
  -139     14     57   -108    -27     50   -129     54      0     20      6     20    -25      6     -2     26 
     0    -14     30     -8     -9     35    -13     -1     18     19      4     -5     18    -11     14     17 
   -36     24      6     14     15    -31    -15     -6    -28    -22     52    -14      6      1     36    -14 
    21    -36    -16     19    -37     24    -40     43     22    -83    106     32     28     -8    -33     14 
    -7   -178     63    182    -45      7    113    -72     74    -53   -176     61     16    -47     39     45 
   -21    -20     47     15    -18     46      0    -21    -12      2     -6    -24    -10     18     18      0 
    13     11     48     79     -6    -14    -21   -122     12     -2     -3     18    -66    -99     27     40 
   -61    -42    -10     75     14    -32     30     14    -35     55     17    -13     16    -26     21      5 
    -8      7     -4      0      0    -15     86     20     -1    -97    -53   -146     -2    -26     -5     -9 
    34     39    -50    -16     17      7     10    -37    -17    -29     51    -14      7      4     -3      3 
     2    -17      1      6     22    -29      9    -26     -9     -1    -10     21     45      5    -14     16 
     4      6     -9     -8    -72    -34     27    -22     20    -20     20     23    -51     18    -18    -57 
   -89    -48     31    -11     13    -25     -9     71     -2    -22     26     33    -28      9    -41      4 
     7     67     21    -27     28    -42    -27     35      8    -14    -18     -1    -60     14    -37    -15 
    16      6     43     22      1     32      4    -30    -24    -13     19    -17    -23    -62    -34     31 
   -24    -11     -3     22      4    -47     11     27     26    -27      5    -40      7     41     26    -17 
    94      1    -23     25     41     18    118    -26      9    -76      6    -12    -25      8     81    -10 
  -105     36   -107    -26     25     89     -6    -64     41      1    -28     65     -8    -12     31     47 
     3    -36    -75    -75   -113     44     75     54    -39     -4     78      3    -13     40     -6    -17 
   -13     14     -9    -16    -12      4    -52      6     17    -15    -18    -63     47     -1    -44     59 
    -7     -4     10    -29    -26      1     85      7    -46     15      2    -31      7    -31     42     48 
   -45     14     12     45    -26     31     48     35    -24     -6    -32    -11      7     39     41    -59 
   -42     24     37    -15    -28      1     41     15    -38     -9    -18     35     14    -40      0      9 
   -22    -12     41     59    -24     -8      0     32     11     -3    -30    -23     16     -3      0    -18 
    -1    -15     -1    -47    -34     -4      7      4     -8    -11    -15     93     96      4    -21     -5 
    29    -40   -100    -37     17     18    -15      7     -2     18    -34    -10     -4      3      9     12 
   -32      2     51    -10     30     12   -115   -146    -11     -5     38     30     48     61      0     33 
   -41     13     65     18     64    -38      2     -9    -34    -41     -3     -5     41      5      5     17 
   -13    -63     18    -11    -43     -8    -66    -48     49    -29    -14    -18     29     23    -19    -22 
   -17     25     -8     49    105      3     31      2      6    -30     -3     26      0     62     41     48 
    54    -14     26      4    -55    -45    -11     29     29     -7      1     -7     26     10      0     37 
     4    -16   -119    -89      1      2     33      0     73    -24    -18    -14     51    -44   -126     26 
   -16    -85     28    -48    -90     35    -11     33     17    -78    -82     32      0     62     26     55 
    42     25     31     10    -26    -22      2     -4     13     -4    -36    -13     12     12     43    -15 
     8    -64    -56     16     24    -73    -42    -23     -8    101     67    101     43     66     84     17 
    33    110     21    -48    -47    -28    -15      7     17    -25    -35     32    -24    -22      3     34 
    55    -21     13     99    -44     48    -17    -13    -16    -15     36     15    -21    -34      5     38 
    15     39     27    -39     15     61     17     -6     11    -10     14     -5    -22    -22    -41     29 
   -23    -10     -3    -36    -40     22     -5    -16    -34    -32     78     45    -38     18    -13    -18 
   -40     47    -33     -5     17    -38     91    -37     68     61     -5     46     32    -17     25     36 
     8    -14     -7    -49     21    -33    -36     48     12      3     -4    -39    -38    -56    -29     -2 
     7    -31    -27     32    132     11    -13     -3    -28    -11     61     36     16    -38     -9      3 
    53      4     -7     66    -25     -2    161     31    -14     25     11    -12     16     58     -2     18 
    61     83    -26    117     27     77     19     58    403     49     12    -24     28    -14     -4    -11 
   -10     -3     30    -32     34     16    -35     50    -11    -13     77     34     14    -44      6     13 
    28    -42    -14    -41    -26    -42    -10    -17    -90   -106    -96    -25    -22    -18    -48     -7 
    -9    -81    -23    -14   -125   -129    -67   -109    -69    -75     -6    -46     13     21    158     14 
   -12    -29     18      1     28    -25     14      3    -44     -4     59     13    -12    -35    -15     32 
    18     23    -18    -32    -36     28    -17     -8      4    168    -32     18    -63     10      0    -44 
   -51    -14    -61     -6     12     42     -3    -12    -46     14    -42     53    -10     29     18    -47 
   -18     36    -43     39     66     26     14     17     -4    -23    -87     -1     -6     42     -3     12 
    35     96     -7     15     46     42    -17    -20    -38     25     -3     15     54      0    -13    -55 
   -18     17    -41      1     17     30     -3     -3     39      8     -6    -25     25     34    -10    -42 
    19    -82    -40     55      0     -1      0     29     -1     84    437     86      0    -32     -8    -47 
   -58    -29    -36    -58    -27    -10     31    -14     21      7    -32     -6    136    -14     45    -36 
    18      9     40     -7      7    164     64     27    -31     45    -12     10     -6     76    450     87 
     8      7     -5     31     20      9    -63     17     10     -7     10     43     48    138     61      3 
   149     63    -20    -86     33     11     10      5     25    -29     -2      3      4    -32    -14    -17 
     6     31    -28     63    -19   -113    -33      3      7    -12     14    -16     19    -57     33    -52 
   -40    -36     59     50    -23     12     12      5     30     45    147   -229     73    286   -343     36 
   188   -198      2    -39    -23     42    -65     30    -12    -85     38      2     57      8     24     19 
    50      2     17     40    -22    -21     43     -8    -22     -8     12     20     20      5     18     34 
   -63     37     69    -50     15     83    -18    -30    -10     56    -24     20    -13      1     19    -23 
   -46    -22      4    -63    -13    -12    -75    -16    -15    -35    -24     15   -110     10     24      9 
    37    -52     44    -58    -98     84   -129    -72    -12    -80     37     -4     19     29      4     62 
    35     15     12     22     40    -13    -19    -30     -2     22     -3     35     30    -41     17    -13 
   -24     10    -21     -7    -17      6    -13     -1     12     14     29     23     18     26     21    -23 
   -81     14     -5    -91      8    -23    -86     15     22     40     50     18      6     19     53     -9 
    13     62     20      2      8      2     10      8    -32    -47     24      0    -48    -17     -3    -20 
     7    -13    -44   -159    164    -84   -211    254    -64   -194    149     -9    -83    -36    -41    -16 
     0    -24      3     12     -1      6     13     15     17     23      2     -9    -37    -23    -39     -7 
   -28    -91    -30    -30     14    -17    -22     40    -25     -3    -23     11      5     -3      9    -20 
   -28    -55     21    -24    -41     26    -86    -22    -16     -4      7      7     30     28     22     18 
    20     63     59    -25     15     83    -77      3    -43    -45     11      5     12     14    -60    -25 
     1     13     11    -31    -66      0      7    -62     -4      0    -48     17     29     20    -21    -15 
    14     -4    -27     40      5    -18    -37     17      9     54     57    -14    -10     12    -25    -28 
    36      2    -17     53     10    -35     41     42    -85     10     76    -22    -10     14    -27    -21 
   -22    -16    -11     14     16     -3    -11    -20    -25    -13     -4    -21    -18    -24     59     23 
    -5    -14    -40      8    -33     34     54      8    -28    -74     -2     30     22    -93     12     -6 
     4     19     -3    -59     10      8     10     37    -14    -30     10     14      8     24    -43    -26 
    22     17     11    -12      9      5     -1   -106     29      7    -18     39     43     43    -24      4 
   -65    101    -10   -160    -15     23     -7    -15    -16     -5     11     -3    -28     52    -36     10 
   -27    -57    -37     12    -36     14     33    -56      4    -19    -13      1    -45     33     51    -26 
    -1    -15    -14      3    -12     44    -84   -211   -106     74     49     -9    -44    -43     23    -65 
   -63     37    -16     -2      7     -8     -1    -12      6     17    -14     24    -42    -12     12     40 
    -8     76     59    -20      7      6     21     34     83    -51     53    210     75    -10    -49    -61 
    31     -6    -86     28    138     11    -39     17     -6    -48    -22     46      6   -101    -36      6 
    69      2     13     25    -28    -46    -14    -21      0    -11      3   -100     52     -1      2     49 
     0    -31    -63      4    -15    -20    -76    -79    -93     22    -38     -1     89     32    106     34 
   -75     61     21   -103     -8    -63     21    -33    -16     29     70    -30    -17      0     14      8 
   178    105    -72    -51     83    -86   -143    -10    -47    -19    -20     27     23    -16      5    -13 
   -16     12      5     49    -17     54     20    -17      1    -12     45    -38    -10     11     37    -34 
    16     13      3    -13      2     31     56    -23      4    -12    -29     12     27    -22    -31     52 
    65     29    -35      4     51     33     74     55    -96    139     26    -26    -37     34     13    -46 
   -23     51     15   -118     58     44     22    -16    -14    -41     40     34    -12     28     28    -25 
    38    -38    -14     46    -77     38    -12   -104     -7    -12      8     44     -3    -33     13     -6 
   -21     28    -12    -42    -21    -31    -22    -14     15    -65     -1    -22    -37      5    -30     22 
     0     -8     39    -50     16     16     10     35     19     23     -9     50      3     30      2    -14 
    55    -25     12     38    -18      7     22    -39    -20    -15     45    -21    -64    -25     -4    -34 
   -23     -7    -54    -26     23     -7    -56    -41     26    -10     11     48     42     37      7     -6 
     4     86     71     29     58    -60     -3     55     40     63    -25    -40      9     39    -80     37 
   -35    -89    -27     -2    -11     15      6    -31    -20      4     67     17     13    -46    -34     49 
   -52     37      6    -16     -6      3    -26     23     51    -93     30     -2    -61    -18     33    -53 
     2     18    -18    -77     46    -32     27     21    -65     22    -33     59     64     34      9     -7 
    10     11     -3     21    -19     38     52     10     44     45     11     -2      6    -33    -38    -26 
   -30    -15     20      4      1     32    -66    -31     39     43    -14      3     26     26     10    -26 
    34     30    -28      3     -9    -43    -33     22    -13      1    -49    -53     32    -63    -38      2 
     0    -22    -48     11   -101    -49     14     38     20     40    -33     32     -1     66     33    -66 
    20    -49     18     43     27    -74    -26    -73     16    -54     14     63    -83     36    -19    -72 
   -14      2     23    -21     -3     17     11      9    -22    -14     29     27     31     21    -43     38 
    10     30     33     30    -12     18     23    -42    -16     13    -75     -9     44     40     36     12 
    52     19     32     -6     50     15    -15    -20     66    -43    -27    -68    -70    -14     29     72 
    63     -5    -66     -1    -31   -107    -57    -25    -23     30    -65      1      3     22      0      9 
    32    -31     14    -22    -14      5     12    -61     32     15     32    -10    -11    -22     17     18 
     7     10     -8    -41    -17    -29      2     11     20     35    -17     22    -10    -12     -4     -9 
    14      5     12    -24    -41    -25    -13    -39    -25    -21    -25    101     11      6    -32     16 
    -1   -143   -108    122    227     16    -26     13     -2    -20    -35      9     21     22    -10     -8 
    -1     25     25    -26     47     45    -34     -2      5     -7    -19     12    -19     10     16     13 
     4    -30    -42      3    -15      8    -26    -36    -76    -53      5     -5     38     35      2     -1 
    29    -30     48     13     34     27    -18     -5     -8    -43     -7     -6      3     64     42     12 
   -30     10    -36    -56    -13     51    -21    -19    -42      7     53     10    -21     17     52      8 
    27    -50      0    -11    -41      4     17     16     16    -26    -42     16     14    -22     39      6 
    15     12      6    -10     21      9     -5     -6    -15     -5     65    -17     18     19    -30     36 
    12     18    -14    -65    -40      2      4    -76     34     49     13    -13    -27     -5      2    -16 
    38    -17     -7     21    -58     -5    -10     -6     13      6    -30    -37    -50    -45     24    -12 
    14    -11    -30     41     76     20      6    -14      1     -5     24      9      5    -54     20    -25 
   -41    -21     16    -45      7     68     79     40     27    -28     12     14     -1     14      7    -44 
    34     38    156     95   -136    -40     30    -69   -224    -73     28    -15     12     -2     21     14 
   -35    -55    -18     34     15    -21     37     -2      2      6    -48    -13     -7    -24     -5    -49 
   -90     32    -19     -7    -16    -14      0     -1     34     -3      7      4    -33     29     25    -20 
    -3    -78    -11     50    -31    -37    -42     -7     42    -17    -67    -35    -33    -17    -17    -10 
   -20     60     35     13     12    -10     15    -19     -3     -7    -72    -86    -16    -86     29     23 
   106     72    -47    -29    -29      7    -10     36    -18     -5     49    -33    -22    -53     57      8 
   -29    -63    -77     22    -18    -42     30      3    -87    -31     54     48     22     11     58     -1 
   -76    -59     -6    -49      4     92     31    -69      1     -3    -44     -6      0     19     -1    -18 
    13    -14    -21     18     -2     -6     -3    -36      6     -7     24     -6    -12    -18     23     -7 
   -34     23     44     -6     38    -52    -45    -59     29     -2      9    -11     63     16     -8     -1 
    -6     18    -18     41      1     -5     14    -56    -11     55    -66    -17    -21      9     15    -21 
     1     -1    -20    -33    -18    -14     44      9    -15     11     -1     19    -21    -40    -53     84 
   -26     25     17    -21    -23    -12     49    -53    -29     -6    -22    -36    -19    -27    -54    -51 
   -15    -40      4     18    -35    -40    -20     12     25     32     53     65    -29    -52     29     11 
    52     34      6     67     55    -50     24     51    -17    -55    -17     -1     23    -25     32     13 
   -24     29    -64      0     -3     19    -69     19    -23    -33    -27    -49     91     -7     12      2 
   -45    -38    -22    -43     37     47    -20    -20      6     16    -57    -39     28    -16    -14     30 
   -32     19    -14     73      6    -12    -32    -65     -6     40     52     -3      3    -24     -3     29 
   -33     40    192     60     59     21    -88      1    -47    -81      4    -25     -5     22    -47    -80 
    50    -24    -31    -21    -25     29     26      2     61     25     58     41    -32    -92    -53     39 
    -4   -105     28    -31    -44    -63     32     -4     11    -11    -18      6    -65    -21    -25     40 
    28     16     -7    -92     24    -51     33     17    -83     -1    -14    -19     21     24     82     14 
    -6    -68    -37      4     25     20    -18     36     27     -6     31    -12     28    -20     18     14 
   -28    -19    -29    -44    100    -11    -34     -2    -17     -4    -13    -65     50    126     33    -12 
    61     13    -62     47     24     45     -6      8    -32    -28     45    -15     26      3     15    -24 
    21     37     16     21     -8     32    -43    141     45    -24      4     34     59    -71    -20     46 
     6    -93    -53     37     33    -65      3     33    -41    -49   -117     -5     19    -12     -8    -12 
    35     -6     -2     16    -14     16     27     19     51      4     21    -62    -38     26     -6     17 
    -8     12     18     -8     80     -8      3      1    -41      7    -40      4    -50     52     13     17 
    32     30     39     25     25     21    -86    -32     32      8     -9    -22     42      4      2     11 
   108    -15    -56     18     -1    -44    -13      1    -16   -116    -18     65     26     56     76      0 
    44    -71    -20     44    -23    -74    -28    -54    -74     36      9   -163    -42    -66      9      4 
   -19     51     -9     17     25     -5    -49     33     32     -2    -46     29   -143    -32      8     30 
   -13    -21     43    -21     17     73    129     -7    -75    -27      7      3    -76    -64     65     14 
    -7      7     86     50    -17     40     32     -4    -36     35    -26     -8      0     -7      9      6 
   -61    -98     38     -7    -26     33     91      5      8    -68    -55     17     26     -4    -11     53 
    11     -3     67     46     36     -1     23     22     32      4     14     30     -6     40    -34    -62 
    40    -27      7      5    -39    -60     38     67     79      7      3     25    -52     29     -8     20 
    -3    -31    -23     12     51    -35   -130     16     42      0    -20     15     19    -59    -27     10 
     1    -55     17    157    -34   -105    -77    -38     87   -114    -55     -1     -7     13    -53    -34 
    14     38    -16      8    -14     44      0    -91     15     23     28    -15     -5    -30    -22      8 
     5     -8    -11      5     20    -10     23     19      4      6    -38     31    -11      8    -11    -56 
   -20     26     66     13      7    -20      3     -4    -31     31     11     23     37    -12    -12     10 
    15      1      7      4    -16    -44     -1     80     43     11     27     -4    -21     36    -36      3 
    48     18     38    -22     27     66    -82    -85    -19    -10    -30      5      7    -19    -27    -50 
   -66    -14     18     24    -13     14      7     10    -36     19     24     38     14     35    -31     16 
    -8    -92      1    -64     23    -49    -87    -48    -49    -45    -84      2     23      4     25    -15 
   -76    -22    -49    -64     -8     17     37      5     18    -13     21     20    -93    -37    -16     24 
    38    -25    -10     31     -1     60     55     13     50     25     -7     44     11    -67      9    -43 
   -21    -58    -25    -26      0     25     -3    113     25      4     28      4     -6    -12      4     46 
    89     -6    -32      3    -22    -11     17    -47    -18     28     14     15    -67    -17      3    -32 
     1     -3    -62      9    -34    -86     26     -4     22      1    -37     48     39     14     39     52 
    29    -44    -31    -24     38     -4      0     10      6     -2    -52    -10     33     11     50    118 
   133     56     27     -6     19    -60   -165    -88     30     60     -8     25    -11     21      7    -81 
    -7    -16     12      1     20     -5    -11      9     36     11     11      2      6     -6    -60     16 
    41     17     45    -21      1     -2    -12    -41     20     44    -77    -28    -34      9      2     29 
   -41     42     53    -47    -23     10     27     -9     15     36      7    -59    -87     -4    -37      3 
    20   -113    -51     -6      0    126     95     -6     15     -7     -3    -14     20     37     90     15 
    37     31    -34     19      1      5      2     -6     12      6    -16      4    -26      0    -10    -11 
    -4     35    -20     49     66   -120      4    -15     41     40    -30     25    102     44    -94    -34 
    -8     31    -44     13     42      2     -4     29     42     -4     14     22     -7     26    -10     -4 
     2    -27     -2     -9    -11      1    -73    -56    -33     34     -1    -45     88     25    -14      1 
   -23     14    -11     -7      1    -19     27    -25      1     -2    -12    -25     17     21     22    -19 
    -1     31     -9     46    -13    -37     19      5     10      3     25     35    -12      7     -8    -12 
    -3    -15     19    -42    -33     -3     26     25    -12    -24     17     -6    -72    -14     -5     -9 
   -29     -2     24    -23     -3     44     12    -37     22     12      9    -19    -10      3     44    -89 
   -54    -17     -5    -39    -11      4     -1    -31     79     22    -40    -46      0    -19    -57      2 
    40     19    -15    -71     -1      4     -8     -4    -17     -9      0     -2     96      3    -56     16 
   -83      2    -22     13     37    -32     48      3     26    -60      1     -2     11     -5    -53    -32 
    -2    -38     13     -6    -62    -18    -47     -8     50     25    115     27    -64     -5     96     33 
  -146    -90     -6     20    -10     -3     63    -11     -3     34     19     16    -17     30    -31   -107 
   -20     51    -25   -122    -20    108     21    -21     53      4    -51      9     16     13    -20    -11 
    18    -12    -24      5     11    -33    -21     18     45      5     54     -7     -3     20      2      6 
   -23     25    -11     77    -21    -27     72    -22    -33    -37     -2     33     56      9      6    -39 
   -11     54    -45     74    -38    -16     -7     22    -29     -6      4     27     38      9      6      0 
     7    -50     69     26      6    -14     19    -44     75     47    -40     55     -7   -101    -47      8 
    30    -23      4    -32     52    -33    -26     30     32      6    -19    -14    -27    -31     44     28 
    15     -7    -49    -15     36     48   -111     64     52    -73      2     13   -199     76     91   -108 
    55     28    -66    -67    -47     89    -32    -16     67     24    -10    -42     10     11    -78    -17 
   -58    -31      5    -63     34    -43    -37    173     24    -50     42    127      1    -38     14    -56 
    46     14   -113    186     30     -3      1    -83     -3     22    -42     22     31      1    -11    -12 
     4    -71     90   -112   -115     37   -171      2     61    -44     17     -8     26    -27      9     -4 
    14     14     -7     52    -44     17      8   -121     -2     32    -61     67     14    -17     -6     18 
    44    -35    -33     63    -32     21      8     -7     13     30      3    -28      8      6     47     28 
   -44    -29    -40     84      4    -84     37    -49    -63     79     45    -71    -81    101     30    113 
    12    -56     87    -21     -1     41     15     87    -38      5     67     20    -61      0     40    -55 
   -39     36     20    -39    -41    -27    -23     19     -5     15     70     16     47    -53    -62     51 
   -36     -1    -41     16     18   -187    101     44    -97     71    -51    -74     -1     34    -70    -52 
    99    -61    -36     51     47     14      3     22      4      3     37      2     -1    -37     -1    -25 
   164    -37    102     43   -161    -20    -56   -116    -13     35      2    -47     60     17    -25    -19 
    11    -11    -33    -45     -5      5     -1    -23    -18    -12     -1     24     25      4      9     -1 
   -16    -44     29    -35     80     14    -47     66    -37      9     62    -25    -42     76     30    -34 
    38     12      6     -6    -11     64    -48     -2     62     38    -88    -44     -5     40    -41     30 
    10    -12   -213    101    -39     10     96     74   -117     38    116   -153   -145     67      0   -102 
  -122     -1     56   -373    -99     31   -103     75     14     -1    -25    -20    -12    -47     10    -11 
    40    -25     14     27    -11    -55    -32    -62     16      0    -55     39     27     -5     93     39 
   -16     59    -31    -36    -25     -8      7    -45    -11     18    -35    -53    -14     18     -1     18 
    47     25     22     30     36     -1    -52    -40     46     66     32    -40     20     32     -5    -63 
    -7     -3   -103     -9     -1    -55     21    -28      3    -13      1     17    -25     26     10    -14 
    34     93     39     35     94     25     32     93     27     12   -109      5      6   -380   -102     24 
  -117     54     21     18     10    -24     26     50     -5     47     19     12    -39    -24     -1    -22 
    22     26     15     37    -19   -124     -2     42   -276    -71     21    -76     58      9     54     45 
    -5     16     29    -12     20      9      4      1     28     12    -41    -20      0      6    -53    -15 
     0     11    -10     26    -39     43     45     15     -6      0    -19      8      1    -26     -3    -25 
   -47      5     17     -5      1     23    -26     42      9      4     15    -68    -57    -14    -90    -96 
     9    -34     58      2     30    -17     -5     63     65     11     -4     25    -53     41    -36     -6 
    46      9    -17     53    -13     31     13      4      8    -18     16     35     32      7     -5     18 
    -3     33     33     -6    -33     14    -95    -21    -97     -4     34   -314   -116     55    -57     55 
    23    -18      1     -9    -24      1      5    -37    -19    -14     23     16      9    -12      6     24 
     9     -2    -13    -66    -14     31   -239    -68    -31    -98    -30    -20     35     22     -1    -38 
   -21      1     23    -16     -8     10     -6     16    -44    -37     20     17    -17     -6    -42     38 
    35     19     -9      2     50     46     15     10    -20    -21     88     23      6      5     -8     20 
