   -24      6    -54    -15    -39    -42    -40      4    -22    -23   -107     38    -29    -42    -31   -155 
  -102    -48    -54     12    -52   -210     -9     50    -86    105    -43    115    -55     42     27   -110 
   106   -133   -163     74     51     57     98     31    -56    -21    174    -22    -38    -96     44      2 
   -64    -78     -3   -140     40    -25   -400     76   -195   -197    264    110    122    -18    -16    -81 
   -67   -178   -143   -116    171    -32   -159   -146    -54    -33   -138      4   -331   -139    -88    -80 
   -85    101    212     -2    -98     17    102      6    -44     25    -64     -4    -37      4    174     47 
    59    -67    -59     39     48    -44    107    -37     34   -121     -1     33    182    -19   -227   -169 
   -67    -41    -74   -116     -8     85    -27    -85     -7     70    -31    -27    -41     31   -169     64 
   -19   -192     32    -85    -19      5     14      2   -137     -1    -85   -112    -80    -48     79     41 
     8     24    -11     49    -27    -64    -65     -7     44    -54      7     -7     96    -60     11   -136 
   -14    438   -181    252   -136   -436     -4      2     -9   -463    105     51    -34     29     44     70 
   117    -20   -503     16     -1     -5     15     60    -51    170    108    -55     42     34     56    -22 
  -212   -214    -91     50     32    178     22     51    119   -351   -197    -83      1    100     12    -87 
    32    -96    -36    -97     66   -214     32    -15   -279   -213   -207    -74     -6    -57     53     45 
     0     15     81      4     86     97    -43    171     60   -120     22    106    102    -19   -199     -6 
   -47    -28   -182   -153      2    147     -5    103    -38   -205    -12    -90    -52    178      3   -193 
   -68    -58     78    -47     29    -79   -197     -5   -235   -218   -183   -163    -74     34   -118    -90 
     8     34    153   -142     63   -183    -91    168   -121    210    -31     44     19    -40    131    -98 
   -13   -327    -41    -16   -148   -279    -37     -5    -34     91    -15    103      3    -53   -153    -21 
  -117   -114    217      2     67    -97     85    -96    -48     19     33   -128    153    -37    114   -157 
  -150     78     24   -109     11     -9   -103    -59    -67    -54    -97    -18    -13    -30    -22    -44 
   -15     -5    -24     65    -14   -130     38     15     -4     27    -60    -49    -75    -36     19   -106 
   184    138   -127      4     96     49     21    -17   -120      0      1    -13    -29    -46     79    -60 
     7    -17   -292      1     -8     -1    158      5   -120   -166   -283    -50     39     -6    -46      4 
    34     -5    -20    -84    -86     25     32     72     45   -161   -247    -41    -35   -124    137    -24 
    13     28    -43     13   -142     30     -7    -85    -83    -66     56    -12     -3    -59    -49   -149 
   -63     46   -360     73    -85    -11    -92    -34     98   -224    -58   -203   -116    -25     -9    -77 
  -152    107     40    -39    -40    209    -26    -68    -67    -23    -56    -61   -147    -38    -42    -62 
  -170   -147   -144    -13    -80   -156    146   -104     -5     65   -208   -521    -29     80      6     30 
   -28    -45    -74     33     63    -19     71     43   -120   -536    254     79    -87    105     53   -185 
    -8   -176   -100    172   -132    154     72    154    -16   -229   -189     48     70    -98    -47    -59 
    20     98    -88   -113    -20   -101    -26    -64   -172    105     13    -32    -98     30   -115    -38 
  -231   -282    -72    102    224    -61    -58      9    -81    -77   -119    -14   -272   -258    -64    -78 
  -120    -69   -321    159    310     -4    -51   -599   -138     10   -107    167   -218   -302   -409   -210 
    -4     31   -185    -76    -22   -101    -96    188    -73     -4    -34     -7     75    -37     72    257 
   -89    -66     40    -94    -80     -7     30   -177     12     76     13    -74     63   -218      1     10 
   113    -84    -42   -213    -33    -40    -31    -95    -59     -9   -338    458    151     23     60      5 
   -11    -61    -23   -114    -25    -75     -8   -121   -115     29   -667    -41   -134    -93    -58     54 
  -117     46   -148    -44    -72     69   -172    -49    -98   -385   -100     45   -137    -53     81     47 
   -36    -99   -150    112      9    117     -3     54    -53   -206   -103    -78     -8    197   -113     91 
   166    -51     86   -143     53   -135      6    -28    -38    -68   -150    -48      6    -38    -81    281 
   -82     40     24      8    -81   -381     35      1     18      0     55   -141     11     92    -55    -29 
   -13    -65    -55     25   -760     20      3    -49     55    150      4    -92      3    -16     30     90 
  -140     23    -24    -43     78     54   -637    -72      9   -234   -594    -82   -453    -37    -77     24 
  -195    -35   -485     37   -329   -100    -95    -93    -76   -150     -6     14     46    319    -19    -32 
   103     54   -462   -145   -321     22    -80   -186    -91    -43     17    -34   -294    216   -329    -52 
     7    -46   -211    -68     -7    -45     89   -351    -34     40     13    196     16     12     49     12 
  -189    -39     28    -72    114    -64    -37    105     -9     99     -4     27    -57    202     37   -171 
  -117     71   -233     55    -23   -211     23     70   -117     12   -218     13     60      4   -443    154 
  -140   -185   -185    134     14    -73     -8    172    -97    -32    -75     69     27    354    -80      4 
     6   -116   -250    -91    -77     16    -59     30    -46   -162     13    -22     38      1     51   -267 
     2     -8   -124     -5     99   -206    -44   -177     -2     48     26     36    -48    -69    -10    -94 
   -71      0     51   -154    -17      8    447     58   -191   -135     80      2   -144     57     26     44 
  -246   -460     -4   -147    -31    -55   -106   -142   -146     45     60     26    135    -97   -146   -378 
  -111    -20    -42    159     58    107     73    -68      1    -78    -64     -2     56    -62   -109    157 
   -17    158    -21    -45     77   -134    -11   -130    -95     76    -17    -16    -54     18    -69      0 
    41    145     21     61   -182   -129   -276     71    -74     57   -163     27    155   -110    -12   -134 
  -260    211     13   -133    -85    -46      9    -22      0    -39   -167     23   -210   -157    138   -138 
   -27   -149   -105    -86    -51    -55    -47    -57    -24    -12    -57    -79    -81    -68    -85    -60 
    71    -80    126    -33     97   -145     13     47    -43     -2     30    -33    -75    103    -71   -159 
  -122    -20    -60    -50   -140   -128   -261    -85    181   -297   -303     91    -51   -131    -18   -134 
   -87    -33    -57     12   -136    187   -100   -118   -225    -75     91     40     23    -56    -36   -169 
   183    242    -77     36     73   -118   -163   -125    -79    -35    179    -68    -68    212   -279     24 
  -125   -128    -18    124     28    -76    -41   -130    173     49    -57    192     22      8      6    -43 
   -80    -64    -22    -80   -118     -9     37    108    -70     11   -161     79     51     -2   -417     58 
  -134      6    -14    433    100    -92    -42   -147    -60    -60     -6     64     48   -195    -66   -139 
   -42    -90   -119     59    -11     -5   -194     38    -45   -142     61    -33     19     42     22    -87 
    32   -199   -106     82   -202    -72     48   -280     19      3     58    -16     12    -42     -7    125 
  -307    -52    159    120     -1     10     90     -4    271    -33   -146   -104    -92     24     49    138 
   102    -54     -9   -172    112    -60     87    -47    248    106      1     32   -256     41    -91   -118 
     3    121   -145    122    -88   -228    152    178    -46   -168    -78    210    -59    -38   -247   -244 
    -1     43    -66    -34    106     22    -29    -37    -47    -51    -62    -47   -116    -31    -79     47 
    77   -121   -280   -226    466    -90     48    -29     43    -65   -172    -65    226   -116   -147    177 
    42    -35   -426   -173     90     75    -70    -27   -193     29    -82     34   -148   -179   -401    -27 
   -88    -26   -209    -49     53   -108    220   -198     19     30    -93    124    367    -67    -63    -25 
  -161   -139     -2     64   -151   -254     53   -203    -52   -115     35     14      2    -25     93   -103 
   -68   -235     66   -102     69     12   -359    -51   -174     47   -339   -209   -171    110    -10    -64 
  -136    -27   -117     22    -94    -85      5    158     13   -115    111   -220   -115   -108    113    -53 
    31   -169    -92    -11     74    -55    -87     49    -31     13      4    -30   -108     52     66    -40 
    79   -103    204     72   -229    -67    100     14      3     38     89     56     20    -51    -54      1 
  -110   -171   -152    -26   -135     35   -141    210    -10   -427   -279     21   -164    -50    -86   -137 
   321    186     33   -149   -109    -93    -11   -167   -207     61     16   -132    150   -105    -71    -65 
   -17   -133   -228    199   -259     21   -186    198    -45   -130    -33    205    -41    -27   -392     89 
   235   -183   -159     84     67    132   -207   -211      5    -62   -172    123     68    185     -1   -191 
   -77    -29    130   -310     10     17    -46    -12   -177   -137    -81    120   -295   -113     19    -64 
    15    -81     65    116     40    -24    -23    -35    -80    -51     72     91   -225    315    -85   -186 
   -38    -35    -22    -62     17    -60     35     26     -6    -97     -2    -57    -85    -13    -48    179 
   -39    -38    -21    -47     52    177    -27    103    -44      5     -6    -43    -29    -16     95    -62 
    54   -114    -62     61   -127   -224   -192     13     71    -59    -28    -57    151   -104    116    108 
   116    -24    -67    194     53    -69     21      5   -140     55     -5   -124   -106    -99    -13    106 
    -6     38    -63     27   -200     32     68     75     54   -147     12     40    -78    -15    -32      0 
   -39     10     44    110     75    128   -213     39      7    -90   -267    -33   -130     -8    -91     52 
    64    -40    -79   -255    -64   -127     39      4    -20    151    -79    -42    -32    -30    -40   -192 
   -51     59    -21      0    -10    -11    -92     24   -139    -69    -45     88     -5    -65     14     87 
  -133     51   -180     63    -20    -46     -3    -91     52    -79   -111     21    -49   -115    104     28 
    37    -59    -10     66    -51   -134     66   -233   -124      5     48    -63     -8    -52    112    149 
    61    166     53   -227      3    -95    -10    -45     49    -17   -147    -72    -61    -43     63   -428 
     6    -14     -2   -212    -21    -43     73    137    130   -103     23   -144    130   -281     52    -53 
   -26     24     65     16    -55    -57    113    107     22   -399     19    128    -35    -37    -80    118 
  -147     47     46    -66    160    139    -74    -26    -35    -31   -116    -25    -80     32   -116     25 
     1    -11   -179   -199    -23    -69    274     -1    -40   -176    -14    -69      4    -44      6     74 
  -271    382   -187    -97     54      2    -47     90    -99     77   -121     12    119    107    -49   -319 
  -113    -42    120    287     -1     18     78     73    -50   -129    -78      3    186   -107    -15   -118 
  -123     88    -20   -136    -43    -32    -31     -4   -121     26    -40     29    -81    -95   -100    -35 
   -92    -20    329    220   -593    -53     70   -154    108   -141   -165    -52   -156   -159   -177     17 
  -168   -126    468     25   -318     27     67    299   -178     39   -105   -290    111     80    177     -3 
  -132     10    -11     96    -25    -71    -54    129    -32   -120   -120   -188   -494   -145   -129    -68 
   -37    -16   -174    -63    225    -57     -1   -133   -169   -101    -59    -44    -91    -19    -40    118 
    33     14    356      5   -302   -100   -147     35    -20    -46   -147     42    142   -669    116   -180 
  -332   -177     22   -141    492     37     48   -350     23     33    -99     13    171   -146    193     25 
   -32    -54     57     35   -125    -19     76     97     37   -223     32   -289   -154    -56   -175    116 
   138     20   -196    101     42   -101    -95     67    -10    -63   -133    -89    -89    -89   -118    -10 
   -92     40    -37    127     51   -158    -58    -70    -15   -145   -222     30     -7      5   -192    189 
  -142    131   -104   -131    -42   -172    -74    -77    -13     21      9    -80    -85    -15   -198     35 
   -38     33     13    -64    163    -12   -171   -185    -12    -12     -4   -162      4     -9    -47   -127 
   319    237     33     12    -24     73     90    -66      4   -137    -25   -161   -238    -30   -212    -47 
    -7   -110     81     15     14    -68    -10      3    -18    -61    -32     21    -11     -3    -95    -16 
  -106     47     37     -2     16   -277     27      4     65      2     19     19     19     60    -10    -29 
    37    -27    -62    -49   -147    -78     33    -26     55     75      6    -90      0     38     44     16 
   -14     73      9    -15     27    -15   -134      2     -6    175    337     11   -159    -25     11     48 
  -244    -92     -2     82    142   -125    164    -49    -15   -193   -111     61    -60    151     76    145 
   -59    215     50    189    -49    -26    -39    -84     58     19     38     51   -111   -306     25     67 
   -15     42    -22    -27     15    -73     87   -113    -21    -73    -47     51      6    -53   -125    137 
   -43     51     11    -13    134    -76      0     80    -22     28    -27   -119    -47     86     93     23 
  -100    -56     24    -81    -20    -80    148   -108    -54   -130   -227    -33    -13    -84   -120    -88 
     6    -56   -106     74    -69     -8     34    -68    131     -7    -32     25    -14    -37    -60    100 
   -94    -62   -112    273     16      7    -56   -123    -29     25    -67    -52    -60    -96    -21   -154 
    13    -19    -78    -61    136    -40     89    160   -101     87     72   -166    -25    -73   -191    -88 
   245    -71     17     60    -29   -130     83    -16     15   -151   -101     19   -211   -177      1   -378 
  -188     24    -29     13    -35    -40     34    -98    238     27   -175    -41     46     88      6   -386 
   122    -72    -41    -72      9     23     -1     13     57     60     12   -117     34     38    -23     72 
   -13    -18    -78   -101    117     78     35     -2     45     64     40     32     28    -67   -171     60 
   -67    -58    -89     -6   -107   -103     63     61    351    -56    -72    193    -50    -84     57      6 
    23    -36   -144     10   -106    -11    474   -136    -30     19    -60    -46     40    -45    -81    -47 
    54    -53     51     98     21     59     25    107    192   -215    -15     81    -34    -68   -141     80 
   -91    -32   -116    -81     67     34     17     26    -88   -147     22    -30     21      1     24    -10 
  -318    -81    -61     42   -106    -45     32    109   -127     -3   -298    -32   -124    -45    142    327 
    43    -53     30     19    -86    -92   -104    -98    -75   -461   -419   -138    -28    -23    -23    -49 
  -125    -70    -67    -23    159     50    -69    -29    -98   -270   -178    -38    -45   -180   -122    -74 
   -19    104    114    -39    -43      2     37     28   -130     85    -14    -52   -102      0     52     66 
    81    -13     64   -166   -112   -118     10    -20    168    -24    -41    -48     96    -70   -449    -39 
  -169    -54     58    135    102    -77     22    -11   -109    288    170    -34    -61     17      2    -37 
    67    127    -90    -56   -125   -282    -10     -9     76   -147    -11   -122     -3    -32   -144     61 
    -4     62   -164    128    -64    -48   -164   -169     -7   -132   -133    149    -56     40      9     36 
   -66      2   -190   -187    -73    149    -74    -65     86     94   -115    -26   -162     43   -128     80 
  -153     54     -6     31   -218    -52      8     82     17    -20     68    117      4     29    122   -371 
     3     31    -68     59   -133    -11     56    -36     61    -49     -1     93     24      4    -89   -171 
   -19     39   -103     29    -15    236   -131     74    -12    -18   -174    129   -166    102    -83    111 
  -136    -94    -96     70    -69    -73   -251    114   -121    367   -177     24    -47    -98   -222     12 
  -181    119   -213    123   -180     19     36   -214     -8     -1   -116   -165   -194     44      8    -59 
   -45   -127   -323     19   -190     57    -84     70    -34   -245    -31   -180   -175    -48    177   -131 
   116      9    -34    116    -28   -125   -134    110    -35     77    -82    102    -41    -29   -120      9 
  -108    117    -32      5    -32    -11    -32    -40     71    -29    -67      9     -1    -45    -18    -45 
  -133    -67    -16     32    -13   -210     21    -23      9     58    -54     86    -64     56     10    -20 
  -300   -189    -63     35     95    132     48     18    122    -16    -93    -56      6     61     48     38 
   -29    -68     61    -94     64     16    224     45    121   -244   -385     77     36     10    -35    -95 
   274   -170    -60     18    -97     -7    -81    -92    194    -80   -221   -108    -47     55   -379     23 
   -77   -174   -154    270    -30     59     92    -25    -67    310   -169    114   -118     96     98   -170 
    26    -94     16    -66     74   -100    -85     19     86    -91    -24    143    -40    -29     48   -190 
  -108    -36    -67     16    111    -93    138    -13    -49   -129    107     28    -34    -56    104    -46 
  -253   -129    106    -28   -103    154     -3   -116    -66   -181   -151     33    346   -194   -252     85 
   -37    -39   -144     39    155    -70      4    -83   -144    -16    121    -88   -161     57    -95   -121 
   -10    -77    -29     25     91    -67    158    -23     29    -21      6    -62    -29    -40   -134    144 
   -44     39    -97     -7   -327     76     69    200    -26     46     62     94    -17      2      3     71 
   -68    -78   -310     68   -166   -267   -215    -22    -92    110   -231    -45    205    -13   -154    -33 
  -149   -229    -93   -300   -155   -112     35     90     22     31   -123    233    -89    212     11    -89 
    61   -103   -175    -96    -16     36    -64     98    -26   -147     15     18      6     14    -19    -90 
    39    208    -59    -51    -26   -215     50    -50     13    -32     84     46    -49    -24    -92   -159 
   -51     65     77   -227    -76   -205   -175    -90    -46     28   -137    -56      2     27   -308    277 
     2    107    -44   -123     10    -17    -19    -73   -142    -35     94    185   -293     33    -93     85 
   -57    -20   -169     13     63    -10    -47   -201     23     74     10     10      9    -42     74     30 
  -109    -96    -19    -11    -95     -3     24    -32    -12    121     41     76    119    233     20   -102 
  -159   -175    -65    109   -107   -294   -242    -55    -37   -365   -128     93    -82    -50   -256    -98 
    17     11    -82      2     -3   -154    162    -63    -40   -183    -82     65     -6    -43    -48   -295 
  -207      5   -207     17    -81    137    -77    -87     27    322   -180    -11    -56   -152   -235    -18 
   -38    -19   -109    -25     24    -25     32     12   -175    -73     60    -53    157    -81      0   -110 
   -21    -47     89   -161     10   -185     34    -40    103    -69   -350   -170    -27     48    -17      8 
  -126     11      1    -35     64    -73     11     16     35     38    -27     -9     16    -63    -30    -98 
   -56    -74   -202    264    -84     12   -101     90    -21    -58   -103     33     28    -86     62    149 
   107   -102    -62    -25   -451    218    -41     56    -73     56    -47     13    -41     10     87    -15 
  -109     21      8   -160    -40     11    -65     -5     26    -85    -93    -61    -44     28    -55     19 
   -20     38     10     56      4   -273    -12     -6    -81      1     10    -47      6     11     26    -34 
  -202    117    -40    -25    202    -86     59    -48    110    -90   -160    -77   -124    113    109    -18 
    84     26   -211     32     -5     41   -405     16     74   -325    371    -13    -63     41    -76     54 
  -120    -26     73     57    -41    -63   -230    -66   -170    115   -134      6    -58     32     31    -78 
   -93     96     25      1     73    -71     36    -39    250    -12    -14    108     38     -1    -41    -47 
  -859    -47   -128    -56    -74     10     55    -21    -35    198   -957    -31     22   -891    101      7 
    95    -19    133    -17     45      7     55      0   -867    -47    106   -319    -28    -10     34    -25 
  -282    -81    -14    111    -37     75    -29    -63     -8    148   -281    195   -163    -65   -165    -63 
  -152   -314    -93     38    103   -143     -2   -257    112   -101     80   -210   -129   -386   -133   -371 
    67    -81   -293    -96     30     -3    -80    -31    -38    -26     17    -69    -18     73     61     28 
   150   -174    -94     67   -335    -31     85     -1     70     21    112     32     11     45    -55    154 
   130   -270    -45    -71    -67   -131    -14     14    146    -23    -87     47     40     31     88    -57 
    64     37     58     11    -24   -130    -15    -14     22    -85     28    -18     22     18     36    -70 
   -75   -311     12     64    -15   -319    -35     38      8   -317     84    -31   -104     30    137     10 
   -25     -8    136     72     90    -34     77     80     -3    209     89    -45     65     36    -74     30 
    55    -80    -26    -30     68    -78   -283     -2      6     64   -280    -78   -168     18     41    -41 
   -61    138    -36    -16      3     11     52      5    123      1    -72   -120   -125    -21   -120   -138 
   -12    -89   -177     58    -19     38    -64    -36     58   -105    -36      9    -64    -37   -131   -153 
    33    -30    -33    -36     72    -56     20    176    -44    -12      2    -28     36      7   -214    -82 
   127    144   -108   -132      7   -225    -58     -9    -12    -73    -25    -96    -82    316    102   -184 
    78   -197     56    124    -84     -9     40     13    -25    -69   -114      1    -68     97     -6    194 
    13    -27    -34     61    -50     -4    -58    -83     -2    -48     -6    -82    -23    -31    -38     79 
   -34     28     62    -14    -26     -6      1    -62    -23    -17    -23   -124     44     41      0    -84 
   -60    -67    -14    -26     17    -41      6      7     13     -3    -56      6    -44     39   -111     31 
   -97     91    -18    -57      0   -300     35    -35     33     15     51    -49      4     33    -52   -104 
    40    -64   -114     15     -7    -18     21     -7     93     62     83    -34     -4     28     15    -25 
    62     27     20    -59      6     17    476    -21   -170    -12    -69     38   -112    -27    -12     69 
   -80   -108   -207     37   -121   -184   -300      9    -36    138   -134    -86    103     96     -3   -217 
  -192    189    -23   -102   -249    -40    215     -8   -114   -112    148     93   -140     43     35     13 
    26     13    -80     -4    -76    -16   -128     56    101      1     -8    -82    -58     12    -12     24 
   -19     51   -186     20     29    -37    -46     10    -14    -17      4     42    -85    -46   -174   -125 
   -18     27    101    -68     30   -156   -160     92   -182   -242    -10    -73    321   -120    -23    -99 
   165     59    147     42   -101    -66     19    107   -275    -17    -33    -90   -130     52   -251    100 
   -26    -59     60    120     80     28     75     54     34   -280     38     31    153    -30    -27     41 
  -132     70     18    -33    133     87    -47   -101     -7    183    -54   -123   -101     -2    -50     57 
    19    -86    -40      5    -67    -55     -8    -20   -110    -35    -46      1     16     -8      2    -83 
   -83      8      1     -3    -25   -229    -15     53     10    -10    -39    106    -21     42     11    -44 
  -130     28    -28     17   -201   -146      5    -25     92    -37   -211    -75    -16     53    -39     49 
   -64     10   -135   -116     12    -62    290     22    140    182   -211     53     52     15     40    -71 
   -53    -40    -31     25    -54    -35     -7    -39    -60    -30     20    -24    -34      3      3    -31 
   -61    -31     -6     54     -4   -111     16     26     67      9    -45     10    -52    -27     -3   -109 
  -147    -71   -154    -20     12      2    -10     22    193      9   -326    -43     -8   -209    -37    -20 
   -36     31     33     11      0    -12     42    -17    286      5     48   -102     -5     -1    -34     -9 
   -20     57    -31   -101      1    -64   -233    -69      2    -44    -54     24     40     73   -122   -142 
  -221    -22     35     43     28      5     -7    159    142     -2    144    -74    235   -108     32     -6 
    43    -46    -80     85     34    -96    -57    -61    -50    -34     -4    -62    -23     -1    -50   -194 
   135   -126     21      4     94     -1     41   -149      5   -139     90     34    -71     14     56    -53 
    24    -85    -51   -182    -60    -82    126    -44    -34     59    167    -93    -58    -69    174    132 
    78     19   -127    106   -124   -158    -31   -162    330     51    -16    -97    -19    -34   -163     38 
  -395     12     -3     99   -238     51    148    -84    155    -28   -326   -106      2   -312    100     83 
  -212     16      7    -81     20     57   -233    142   -399     -6   -321   -290   -221    -51     93    137 
  -104     51    280      7    158   -142   -389     39    -44    -13    -56    213    -46   -151     21   -203 
  -103     64   -109    -41   -110    -30    143   -113   -138     10     45   -290   -349    101     64   -128 
   -19     -3   -157     12   -138     61   -146    -69     16     40    -77   -146   -204    -36    145    -35 
    49   -163    -58    -32    -16    170    -57     26      1     68    -26    -32     46    -12    -74   -195 
   -65     66    -51    176    -99   -118   -128    -97    152     79   -152    -63   -179   -116   -160   -180 
  -208     33    126    140    134   -180     61    -64   -153     61     17   -187    251     13     74   -226 
  -115     -7    -77    -60    -25    -28     41     78     -3   -155   -116   -135    -66   -182     27    -51 
   256     69    147    118    -14     43    -72   -186   -170    -22    -55   -306   -146   -254    -28   -116 
  -318     71   -119    -95     -7     50     48     38    111     16    -87   -204     69    -51     69    -58 
    28     48    -56     41    -36    -87    -73    -67   -154    301     19     -3    -71    -50    -21    -52 
    42     36   -104     31    190    281    128    -23     -5   -547    -42     -9   -103    -35     -4     56 
  -206    -85    -52    -17      5    -44     91    -10    -21   -669     57    -24   -139      8    -20     37 
   -12     87   -116    -69    -37    -77     18    -24   -143    -51   -270     16    -69     20    -61   -178 
    -5     80   -117    -60    -24     47    -64   -145    -94    390    229   -139   -168    -91    -98    -28 
   -10    -76    -45    117      6   -393     31     21    -58   -275     41    115    -51     10    -23     24 
   -26     71    128     -9     -2     29    -24    -12     21    194      3    -19     73     36     61     82 
   -86    -75   -174   -241   -134    -12   -107    546     63   -262   -220   -147   -118   -124    -11    -68 
   201     34   -110     25   -110   -113     45    -99    281     61    -61     30     24   -170    -38    -29 
   -72      4    139     -5    114   -289   -150    -70    219   -184   -103    -42     11    -64   -127      2 
  -249    -19     94      7   -101     39    -31     80    -79    -40    194   -110    -20   -163    133      5 
    -4      3   -153   -170    -94    -28    -96     -1     -1   -120   -348     94     -4     -8     50    -13 
    24     32     21    -24     47   -113    -16    -39    104    -13     11    -72    -82    -13     39    -73 
   -63     33   -232   -252    -76    -65    112     18     -7   -247    -66    108      7    -51     58    -85 
   119     47    -25    100    482   -306     -4     72    -60   -116    -19     29    -33     52     12   -110 
